asset_id,date,price,source,sale_type,status,outlier,url
88ea1b15-799c-4c86-a06b-ee8519be358e,2026-09-20,135.5,eBay,AUCTION,ok,0,https://www.ebay.com/itm/287575568070
88ea1b15-799c-4c86-a06b-ee8519be358e,2026-09-13,180,eBay,BEST_OFFER,ok,0,https://www.ebay.com/itm/298651918327
88ea1b15-799c-4c86-a06b-ee8519be358e,2026-07-11,118.01,eBay,AUCTION,ok,0,https://www.ebay.com/itm/800300641317
88ea1b15-799c-4c86-a06b-ee8519be358e,2026-06-14,186,PWCC Weekly Auctions,AUCTION,ok,0,https://www.fanaticscollect.com/weekly/8e1f8d20-6056-11f1-a3ef-0a58a9feac02
88ea1b15-799c-4c86-a06b-ee8519be358e,2026-05-21,295.3,eBay,BUY_IT_NOW,ok,0,https://www.ebay.com/itm/146637130204
88ea1b15-799c-4c86-a06b-ee8519be358e,2026-05-21,217.5,eBay,AUCTION,ok,0,https://www.ebay.com/itm/397949736104
88ea1b15-799c-4c86-a06b-ee8519be358e,2026-05-06,145.77,eBay,BUY_IT_NOW,ok,0,https://www.ebay.com/itm/256606597496
88ea1b15-799c-4c86-a06b-ee8519be358e,2026-04-01,89.92,eBay,BUY_IT_NOW,ok,0,https://www.ebay.com/itm/147221116229
88ea1b15-799c-4c86-a06b-ee8519be358e,2026-03-20,100,eBay,BUY_IT_NOW,ok,0,https://www.ebay.com/itm/306627793165
88ea1b15-799c-4c86-a06b-ee8519be358e,2026-03-02,75,eBay,BUY_IT_NOW,ok,0,https://www.ebay.com/itm/226762110813
88c501f6-052a-489b-bc97-fe632a20df02,2026-10-01,799.99,eBay,BUY_IT_NOW,ok,0,https://www.ebay.com/itm/800663544137
88c501f6-052a-489b-bc97-fe632a20df02,2026-09-28,750,eBay,BUY_IT_NOW,ok,0,https://www.ebay.com/itm/267771652628
88c501f6-052a-489b-bc97-fe632a20df02,2026-09-20,456,PWCC Weekly Auctions,AUCTION,ok,0,https://www.fanaticscollect.com/weekly/f75bdf3e-ad3e-11f1-ac11-06d19b0b9c59
88c501f6-052a-489b-bc97-fe632a20df02,2026-09-16,550,eBay,BEST_OFFER,ok,0,https://www.ebay.com/itm/318827754828
88c501f6-052a-489b-bc97-fe632a20df02,2026-09-01,599.99,eBay,BUY_IT_NOW,ok,0,https://www.ebay.com/itm/287416431145
88c501f6-052a-489b-bc97-fe632a20df02,2026-08-16,676.89,eBay,BUY_IT_NOW,ok,0,https://www.ebay.com/itm/287526552973
88c501f6-052a-489b-bc97-fe632a20df02,2026-08-13,569.69,eBay,BEST_OFFER,ok,0,https://www.ebay.com/itm/398270656307
88c501f6-052a-489b-bc97-fe632a20df02,2026-08-01,600,eBay,BEST_OFFER,ok,0,https://www.ebay.com/itm/227318217567
88c501f6-052a-489b-bc97-fe632a20df02,2026-08-01,500,eBay,BEST_OFFER,ok,0,https://www.ebay.com/itm/178153412242
88c501f6-052a-489b-bc97-fe632a20df02,2026-07-29,400,eBay,AUCTION,ok,0,https://www.ebay.com/itm/236969317662
886877af-bcbd-49ae-95cb-21591237a71f,2026-09-14,1200,eBay,BEST_OFFER,ok,0,https://www.ebay.com/itm/398382705315
886877af-bcbd-49ae-95cb-21591237a71f,2026-08-28,899.99,eBay,BUY_IT_NOW,ok,0,https://www.ebay.com/itm/397732146029
886877af-bcbd-49ae-95cb-21591237a71f,2026-08-27,899.99,eBay,BUY_IT_NOW,ok,0,https://www.ebay.com/itm/397732146029
886877af-bcbd-49ae-95cb-21591237a71f,2026-06-28,521,eBay,AUCTION,ok,0,https://www.ebay.com/itm/287405825876
886877af-bcbd-49ae-95cb-21591237a71f,2026-06-18,501.83,eBay,BUY_IT_NOW,ok,0,https://www.ebay.com/itm/178170293864
886877af-bcbd-49ae-95cb-21591237a71f,2026-04-12,305,eBay,AUCTION,ok,0,https://www.ebay.com/itm/287251481943
886877af-bcbd-49ae-95cb-21591237a71f,2026-04-03,350,eBay,BUY_IT_NOW,ok,0,https://www.ebay.com/itm/366160550158
886877af-bcbd-49ae-95cb-21591237a71f,2025-09-24,260,eBay,BEST_OFFER,ok,0,https://www.ebay.com/itm/177422764762
886877af-bcbd-49ae-95cb-21591237a71f,2025-08-02,199.99,eBay,BUY_IT_NOW,ok,0,https://www.ebay.com/itm/236233371984
886877af-bcbd-49ae-95cb-21591237a71f,2025-05-03,112.5,eBay,AUCTION,ok,0,https://www.ebay.com/itm/388326454797
88ccd054-aaf5-4186-b2c3-94b509ca013a,2026-10-02,1000,eBay,BEST_OFFER,ok,0,https://www.ebay.com/itm/307209523401
88ccd054-aaf5-4186-b2c3-94b509ca013a,2026-09-29,700,eBay,BEST_OFFER,ok,0,https://www.ebay.com/itm/800724166693
88ccd054-aaf5-4186-b2c3-94b509ca013a,2026-09-25,525,eBay,BEST_OFFER,ok,0,https://www.ebay.com/itm/298625245110
88ccd054-aaf5-4186-b2c3-94b509ca013a,2026-09-23,400,eBay,BEST_OFFER,ok,0,https://www.ebay.com/itm/307195376491
88ccd054-aaf5-4186-b2c3-94b509ca013a,2026-08-21,299.99,eBay,BUY_IT_NOW,ok,0,https://www.ebay.com/itm/206433683012
88ccd054-aaf5-4186-b2c3-94b509ca013a,2026-07-23,235,PWCC Fixed Price,BEST_OFFER,ok,0,https://www.fanaticscollect.com/buy-now/ed5ec172-e02a-463c-b727-f95320e8abf2
88ccd054-aaf5-4186-b2c3-94b509ca013a,2026-06-28,255,eBay,AUCTION,ok,0,https://www.ebay.com/itm/127938159844
88ccd054-aaf5-4186-b2c3-94b509ca013a,2026-06-27,225,eBay,BEST_OFFER,ok,0,https://www.ebay.com/itm/318488097435
88ccd054-aaf5-4186-b2c3-94b509ca013a,2026-06-14,209,eBay,AUCTION,ok,0,https://www.ebay.com/itm/306985000642
88ccd054-aaf5-4186-b2c3-94b509ca013a,2026-06-07,228,PWCC Weekly Auctions,AUCTION,ok,0,https://www.fanaticscollect.com/weekly/83a2cfb8-5e00-11f1-8cfa-0af97a7657e9
88611c68-a1a3-4b27-a221-1ad2490dc3e3,2026-10-06,160,PWCC Fixed Price,BEST_OFFER,ok,0,https://www.fanaticscollect.com/buy-now/fe9b1a42-0efb-41bf-98b4-896302a0e86c
88611c68-a1a3-4b27-a221-1ad2490dc3e3,2026-10-03,175,eBay,BUY_IT_NOW,ok,0,https://www.ebay.com/itm/117408262103
88611c68-a1a3-4b27-a221-1ad2490dc3e3,2026-10-01,130,eBay,BEST_OFFER,ok,0,https://www.ebay.com/itm/198573650430
88611c68-a1a3-4b27-a221-1ad2490dc3e3,2026-09-29,120,eBay,BUY_IT_NOW,ok,0,https://www.ebay.com/itm/128100467617
88611c68-a1a3-4b27-a221-1ad2490dc3e3,2026-09-05,102.98,eBay,AUCTION,ok,0,https://www.ebay.com/itm/206522079795
88611c68-a1a3-4b27-a221-1ad2490dc3e3,2026-08-30,111.33,eBay,BEST_OFFER,ok,0,https://www.ebay.com/itm/236805477425
88611c68-a1a3-4b27-a221-1ad2490dc3e3,2026-08-30,106.1,eBay,AUCTION,ok,0,https://www.ebay.com/itm/287541277215
88611c68-a1a3-4b27-a221-1ad2490dc3e3,2026-08-30,92,eBay,BEST_OFFER,ok,0,https://www.ebay.com/itm/318778202201
88611c68-a1a3-4b27-a221-1ad2490dc3e3,2026-08-26,98.99,eBay,BUY_IT_NOW,ok,0,https://www.ebay.com/itm/267740996792
88611c68-a1a3-4b27-a221-1ad2490dc3e3,2026-08-25,90,eBay,BUY_IT_NOW,ok,0,https://www.ebay.com/itm/287525934680
886b192d-0527-419c-8389-985a09730836,2026-10-04,191.98,eBay,BUY_IT_NOW,ok,0,https://www.ebay.com/itm/287543732671
886b192d-0527-419c-8389-985a09730836,2026-10-01,191.34,eBay,BUY_IT_NOW,ok,0,https://www.ebay.com/itm/287526552944
886b192d-0527-419c-8389-985a09730836,2026-09-15,151,eBay,BEST_OFFER,ok,0,https://www.ebay.com/itm/307080069559
886b192d-0527-419c-8389-985a09730836,2026-09-10,105,eBay,BEST_OFFER,ok,0,https://www.ebay.com/itm/327348553841
886b192d-0527-419c-8389-985a09730836,2026-09-09,305,eBay,BEST_OFFER,ok,0,https://www.ebay.com/itm/318849731241
886b192d-0527-419c-8389-985a09730836,2026-08-30,154,eBay,BUY_IT_NOW,ok,0,https://www.ebay.com/itm/147533677374
886b192d-0527-419c-8389-985a09730836,2026-08-14,115,eBay,AUCTION,ok,0,https://www.ebay.com/itm/188778944224
886b192d-0527-419c-8389-985a09730836,2026-08-11,155.5,eBay,AUCTION,ok,0,https://www.ebay.com/itm/128014431743
886b192d-0527-419c-8389-985a09730836,2026-06-26,169.99,eBay,BUY_IT_NOW,ok,0,https://www.ebay.com/itm/178246421124
886b192d-0527-419c-8389-985a09730836,2026-06-13,145,eBay,BEST_OFFER,ok,0,https://www.ebay.com/itm/117217206850
88f7a73e-3a1d-4ed7-b588-85eda751980a,2026-10-02,18.5,eBay,AUCTION,ok,0,https://www.ebay.com/itm/227539495079
88f7a73e-3a1d-4ed7-b588-85eda751980a,2026-09-11,49.99,eBay,BUY_IT_NOW,ok,0,https://www.ebay.com/itm/117406304136
88f7a73e-3a1d-4ed7-b588-85eda751980a,2026-08-28,22.5,eBay,AUCTION,ok,0,https://www.ebay.com/itm/327323033993
88f7a73e-3a1d-4ed7-b588-85eda751980a,2026-08-24,50.4,eBay,BEST_OFFER,ok,0,https://www.ebay.com/itm/327304147950
88f7a73e-3a1d-4ed7-b588-85eda751980a,2026-08-24,50,eBay,BEST_OFFER,ok,0,https://www.ebay.com/itm/376575393374
88f7a73e-3a1d-4ed7-b588-85eda751980a,2026-08-24,44.99,eBay,BEST_OFFER,ok,0,https://www.ebay.com/itm/257687395964
88f7a73e-3a1d-4ed7-b588-85eda751980a,2026-08-23,19,eBay,AUCTION,ok,0,https://www.ebay.com/itm/298576624969
88f7a73e-3a1d-4ed7-b588-85eda751980a,2026-08-21,15.5,eBay,AUCTION,ok,0,https://www.ebay.com/itm/227476137475
88f7a73e-3a1d-4ed7-b588-85eda751980a,2026-08-15,25,eBay,BEST_OFFER,ok,0,https://www.ebay.com/itm/198532313009
88f7a73e-3a1d-4ed7-b588-85eda751980a,2026-08-11,18.5,eBay,AUCTION,ok,0,https://www.ebay.com/itm/377395359967
883ace72-85ef-46c7-87b0-23dbef80cbb8,2026-10-01,99.99,eBay,BUY_IT_NOW,ok,0,https://www.ebay.com/itm/298721579979
883ace72-85ef-46c7-87b0-23dbef80cbb8,2026-09-18,69.99,eBay,BEST_OFFER,ok,0,https://www.ebay.com/itm/377506377027
883ace72-85ef-46c7-87b0-23dbef80cbb8,2026-09-02,70,eBay,BEST_OFFER,ok,0,https://www.ebay.com/itm/128021401459
883ace72-85ef-46c7-87b0-23dbef80cbb8,2026-08-30,69.6,PWCC Weekly Auctions,AUCTION,ok,0,https://www.fanaticscollect.com/weekly/b86ce5de-9c2c-11f1-904f-0aba60684d23
883ace72-85ef-46c7-87b0-23dbef80cbb8,2026-08-28,55,eBay,AUCTION,ok,0,https://www.ebay.com/itm/298588409854
883ace72-85ef-46c7-87b0-23dbef80cbb8,2026-08-19,54,eBay,AUCTION,ok,0,https://www.ebay.com/itm/800498008805
883ace72-85ef-46c7-87b0-23dbef80cbb8,2026-07-21,64.99,eBay,BEST_OFFER,ok,0,https://www.ebay.com/itm/800226577792
883ace72-85ef-46c7-87b0-23dbef80cbb8,2026-07-17,80.87,eBay,BUY_IT_NOW,ok,0,https://www.ebay.com/itm/800155447389
883ace72-85ef-46c7-87b0-23dbef80cbb8,2026-06-19,52,eBay,BEST_OFFER,ok,0,https://www.ebay.com/itm/147371965086
883ace72-85ef-46c7-87b0-23dbef80cbb8,2026-06-12,109.99,eBay,BEST_OFFER,ok,0,https://www.ebay.com/itm/306951194274
8826eb65-69b1-4142-859e-3bec84ef4c57,2026-08-12,2550,eBay,AUCTION,ok,0,https://www.ebay.com/itm/800468589363
8826eb65-69b1-4142-859e-3bec84ef4c57,2025-09-18,995,eBay,BUY_IT_NOW,ok,0,https://www.ebay.com/itm/157064828242
8826eb65-69b1-4142-859e-3bec84ef4c57,2025-07-06,840,PWCC Weekly Auctions,AUCTION,ok,0,https://www.fanaticscollect.com/weekly/5360609a-4d21-11f0-8f73-0249ef7c0063
8826eb65-69b1-4142-859e-3bec84ef4c57,2025-01-22,575,eBay,BEST_OFFER,ok,0,https://www.ebay.com/itm/PSA-9-Dragonite-Topsun-Holofoil-Japanese-1995-Pokemon-Card-149-Low-POP-/315988354353
8826eb65-69b1-4142-859e-3bec84ef4c57,2024-11-24,341,eBay,AUCTION,ok,0,https://www.ebay.com/itm/PSA-9-Dragonite-Topsun-Holofoil-Japanese-1995-Pokemon-Card-149-/315978260807
8826eb65-69b1-4142-859e-3bec84ef4c57,2024-07-06,575,eBay,BEST_OFFER,ok,0,https://www.ebay.com/itm/PSA-9-DRAGONITE-HOLOFOIL-1997-POKEMON-JAPANESE-TOPSUN-149-MINT-/315469687937
8826eb65-69b1-4142-859e-3bec84ef4c57,2024-06-15,795,eBay,BUY_IT_NOW,ok,0,https://www.ebay.com/itm/PSA-9-Dragonite-Topsun-Holofoil-Japanese-1995-Pokemon-Card-149-/315432050263
8826eb65-69b1-4142-859e-3bec84ef4c57,2024-05-12,516,PWCC Weekly Auctions,AUCTION,ok,0,https://www.fanaticscollect.com/weekly/ba53cb18-fc0d-11ee-bb3f-0acf44b43e19
8826eb65-69b1-4142-859e-3bec84ef4c57,2024-04-02,400,eBay,BEST_OFFER,ok,0,https://www.ebay.com/itm/1995-POKEMON-TOPSUN-DRAGONITE-149-HOLOFOIL-PSA-9-MINT-/116128975154
8826eb65-69b1-4142-859e-3bec84ef4c57,2024-03-08,375,eBay,BEST_OFFER,ok,0,https://www.ebay.com/itm/1995-POKEMON-TOPSUN-DRAGONITE-149-HOLOFOIL-PSA-9-MINT-/115964650018
88279f2b-ade5-4de6-8df3-459c64f58960,2026-08-28,105.5,eBay,AUCTION,ok,0,https://www.ebay.com/itm/398312922573
88279f2b-ade5-4de6-8df3-459c64f58960,2026-08-13,113.99,eBay,BUY_IT_NOW,ok,0,https://www.ebay.com/itm/407070276478
88279f2b-ade5-4de6-8df3-459c64f58960,2026-07-11,64,eBay,AUCTION,ok,0,https://www.ebay.com/itm/800300858230
88279f2b-ade5-4de6-8df3-459c64f58960,2026-07-03,150,eBay,BUY_IT_NOW,ok,0,https://www.ebay.com/itm/406935153327
88279f2b-ade5-4de6-8df3-459c64f58960,2026-03-23,67.96,eBay,BUY_IT_NOW,ok,0,https://www.ebay.com/itm/267063774556
88279f2b-ade5-4de6-8df3-459c64f58960,2026-03-08,90,eBay,BEST_OFFER,ok,0,https://www.ebay.com/itm/306782802509
88279f2b-ade5-4de6-8df3-459c64f58960,2026-02-22,55.97,eBay,AUCTION,ok,0,https://www.ebay.com/itm/287132022751
88279f2b-ade5-4de6-8df3-459c64f58960,2026-02-12,25.55,eBay,AUCTION,ok,0,https://www.ebay.com/itm/277703476731
88279f2b-ade5-4de6-8df3-459c64f58960,2025-12-08,59.95,eBay,BUY_IT_NOW,ok,0,https://www.ebay.com/itm/126984680970
88279f2b-ade5-4de6-8df3-459c64f58960,2025-12-02,40,eBay,BUY_IT_NOW,ok,0,https://www.ebay.com/itm/167582884863
88627b82-3a16-400f-9f5b-5bb77e2ff707,2026-08-08,55,eBay,AUCTION,ok,0,https://www.ebay.com/itm/287501682400
88627b82-3a16-400f-9f5b-5bb77e2ff707,2026-08-04,87.99,eBay,AUCTION,ok,0,https://www.ebay.com/itm/298525794597
88627b82-3a16-400f-9f5b-5bb77e2ff707,2026-07-10,139,eBay,BUY_IT_NOW,ok,0,https://www.ebay.com/itm/297654647503
88627b82-3a16-400f-9f5b-5bb77e2ff707,2026-07-07,159.99,eBay,BUY_IT_NOW,ok,0,https://www.ebay.com/itm/306841770519
88627b82-3a16-400f-9f5b-5bb77e2ff707,2026-06-19,87.99,eBay,BEST_OFFER,ok,0,https://www.ebay.com/itm/236884331102
88627b82-3a16-400f-9f5b-5bb77e2ff707,2026-05-21,95,eBay,BEST_OFFER,ok,0,https://www.ebay.com/itm/376978758725
88627b82-3a16-400f-9f5b-5bb77e2ff707,2026-04-21,74.99,eBay,BEST_OFFER,ok,0,https://www.ebay.com/itm/227231286682
88627b82-3a16-400f-9f5b-5bb77e2ff707,2026-04-12,80,eBay,BEST_OFFER,ok,0,https://www.ebay.com/itm/358418973750
88627b82-3a16-400f-9f5b-5bb77e2ff707,2026-03-24,70,eBay,AUCTION,ok,0,https://www.ebay.com/itm/298130389239
88627b82-3a16-400f-9f5b-5bb77e2ff707,2026-03-17,77,eBay,BUY_IT_NOW,ok,0,https://www.ebay.com/itm/227139858350
88e6de75-45d0-443a-99d6-f15a13624f8b,2026-10-04,103.2,PWCC Weekly Auctions,AUCTION,ok,0,https://www.fanaticscollect.com/weekly/932d5e0c-b1e9-11f1-ad31-0a58a9feac02
88e6de75-45d0-443a-99d6-f15a13624f8b,2026-10-04,100.8,PWCC Weekly Auctions,AUCTION,ok,0,https://www.fanaticscollect.com/weekly/bd1103a0-b1e8-11f1-b29b-0a58a9feac02
88e6de75-45d0-443a-99d6-f15a13624f8b,2026-09-30,121.99,eBay,BUY_IT_NOW,ok,0,https://www.ebay.com/itm/287565801406
88e6de75-45d0-443a-99d6-f15a13624f8b,2026-09-28,98,eBay,BEST_OFFER,ok,0,https://www.ebay.com/itm/128054287246
88e6de75-45d0-443a-99d6-f15a13624f8b,2026-09-27,99,eBay,BUY_IT_NOW,ok,0,https://www.ebay.com/itm/298691384008
88e6de75-45d0-443a-99d6-f15a13624f8b,2026-09-25,98,eBay,AUCTION,ok,0,https://www.ebay.com/itm/287598258561
88e6de75-45d0-443a-99d6-f15a13624f8b,2026-09-20,102.5,eBay,AUCTION,ok,0,https://www.ebay.com/itm/307174205595
88e6de75-45d0-443a-99d6-f15a13624f8b,2026-09-16,80,eBay,BEST_OFFER,ok,0,https://www.ebay.com/itm/127988829192
88e6de75-45d0-443a-99d6-f15a13624f8b,2026-09-15,85,eBay,BEST_OFFER,ok,0,https://www.ebay.com/itm/407185441708
88e6de75-45d0-443a-99d6-f15a13624f8b,2026-09-13,120,eBay,BEST_OFFER,ok,0,https://www.ebay.com/itm/117388509865
889efbc7-9257-47bc-a8fe-898b8d1843c1,2025-03-15,1100,PWCC Fixed Price,BEST_OFFER,ok,0,https://sales-history.pwccmarketplace.com/items/FIXED218030
889efbc7-9257-47bc-a8fe-898b8d1843c1,2024-07-04,917,eBay,AUCTION,ok,0,https://www.ebay.com/itm/2014-Pokemon-Japanese-Tohoku-Pikachu-You-Wagon-Promo-XY-XY-P-PSA9-MINT-/387127964619
889efbc7-9257-47bc-a8fe-898b8d1843c1,2022-02-27,610,eBay,AUCTION,ok,0,https://www.ebay.com/itm/2014-Pokemon-Japanese-XY-w-You-Wagon-Promo-XY-P-Pikachu-PSA-9-MINT-/384745642459
889efbc7-9257-47bc-a8fe-898b8d1843c1,2022-02-07,677,eBay,AUCTION,ok,0,https://www.ebay.com/itm/2014-Pokemon-Japanese-XY-w-You-Wagon-Promo-XY-P-Pikachu-PSA-9-MINT-/363710292163
889efbc7-9257-47bc-a8fe-898b8d1843c1,2021-09-12,647,eBay,AUCTION,ok,0,https://www.ebay.com/itm/Pokemon-Japanese-XY-P-Pikachu-YOU-Wagon-giveaway-2014-Card-PSA-9-45196454-/144187532602
889efbc7-9257-47bc-a8fe-898b8d1843c1,2021-05-14,600,eBay,BEST_OFFER,ok,0,https://www.ebay.com/itm/PSA-9-2014-Pikachu-Wagon-you-XY-P-Promo-Pokemon-Japanese-/203447088163
88be5143-91a6-4a6f-928f-37683d71aac4,2026-09-25,65,eBay,BUY_IT_NOW,ok,0,https://www.ebay.com/itm/404780490335
88be5143-91a6-4a6f-928f-37683d71aac4,2026-09-06,49.95,eBay,BUY_IT_NOW,ok,0,https://www.ebay.com/itm/225420107337
88be5143-91a6-4a6f-928f-37683d71aac4,2026-07-20,50,eBay,BEST_OFFER,ok,0,https://www.ebay.com/itm/137191043669
88be5143-91a6-4a6f-928f-37683d71aac4,2026-05-23,39.99,eBay,BEST_OFFER,ok,0,https://www.ebay.com/itm/177993718455
88be5143-91a6-4a6f-928f-37683d71aac4,2026-05-21,29,eBay,AUCTION,ok,0,https://www.ebay.com/itm/306936508876
88be5143-91a6-4a6f-928f-37683d71aac4,2026-02-26,49.95,eBay,BUY_IT_NOW,ok,0,https://www.ebay.com/itm/127262599033
88be5143-91a6-4a6f-928f-37683d71aac4,2026-01-08,45,eBay,AUCTION,ok,0,https://www.ebay.com/itm/116957270255
88be5143-91a6-4a6f-928f-37683d71aac4,2025-11-05,24,eBay,BEST_OFFER,ok,0,https://www.ebay.com/itm/205779278197
88be5143-91a6-4a6f-928f-37683d71aac4,2025-09-28,16.8,PWCC Weekly Auctions,AUCTION,ok,0,https://www.fanaticscollect.com/weekly/dbf46128-9618-11f0-b07e-0a58a9feac02
88be5143-91a6-4a6f-928f-37683d71aac4,2025-09-18,20,eBay,BEST_OFFER,ok,0,https://www.ebay.com/itm/406066723817
88273bf1-06a7-4aeb-af71-9fac5cbef367,2026-09-08,154.78,eBay,AUCTION,ok,0,https://www.ebay.com/itm/307155360947
88273bf1-06a7-4aeb-af71-9fac5cbef367,2026-09-04,255,eBay,BEST_OFFER,ok,0,https://www.ebay.com/itm/318625939755
88273bf1-06a7-4aeb-af71-9fac5cbef367,2026-08-20,250,eBay,BEST_OFFER,ok,0,https://www.ebay.com/itm/327301127522
88273bf1-06a7-4aeb-af71-9fac5cbef367,2026-05-31,91,eBay,AUCTION,ok,0,https://www.ebay.com/itm/117201851864
88273bf1-06a7-4aeb-af71-9fac5cbef367,2026-04-01,79.76,eBay,BUY_IT_NOW,ok,0,https://www.ebay.com/itm/156170717581
88273bf1-06a7-4aeb-af71-9fac5cbef367,2026-02-19,45,eBay,BUY_IT_NOW,ok,0,https://www.ebay.com/itm/187581719555
88273bf1-06a7-4aeb-af71-9fac5cbef367,2025-11-26,35,eBay,BEST_OFFER,ok,0,https://www.ebay.com/itm/297737356016
88273bf1-06a7-4aeb-af71-9fac5cbef367,2025-05-04,27.6,PWCC Weekly Auctions,AUCTION,ok,0,https://www.fanaticscollect.com/weekly/b27f440a-2068-11f0-add4-0a290505421b
88273bf1-06a7-4aeb-af71-9fac5cbef367,2025-02-01,34.95,eBay,AUCTION,ok,0,https://www.ebay.com/itm/PSA-9-1998-Pokemon-Quick-Starter-Mr-Mime-122-Japanese-Red-Green-Gift-Set-/286284933127
88273bf1-06a7-4aeb-af71-9fac5cbef367,2025-01-26,20.4,PWCC Weekly Auctions,AUCTION,ok,0,https://www.fanaticscollect.com/weekly/620bfa44-d2a8-11ef-821f-0a896d7a4d47
88c2a269-9217-49af-9892-f842be3912c5,2026-04-05,70,eBay,BEST_OFFER,ok,0,https://www.ebay.com/itm/335365839672
88c2a269-9217-49af-9892-f842be3912c5,2025-08-19,22,eBay,BEST_OFFER,ok,0,https://www.ebay.com/itm/146782448156
88c2a269-9217-49af-9892-f842be3912c5,2025-03-28,8,eBay,AUCTION,ok,0,https://www.ebay.com/itm/356696664911
88c2a269-9217-49af-9892-f842be3912c5,2025-01-30,20.5,eBay,BEST_OFFER,ok,0,https://www.ebay.com/itm/Pokemon-Eelektross-B-W-Plasma-Blast-Holo-Rare-33-PSA-9-Mint-/306021965639
88c2a269-9217-49af-9892-f842be3912c5,2023-09-13,19.95,eBay,AUCTION,ok,0,https://www.ebay.com/itm/Graded-Pokemon-Card-Eelektross-33-101-BW-Plasma-Blast-Holo-Rare-Psa-9-/186076412128
88c2a269-9217-49af-9892-f842be3912c5,2023-06-03,17.5,eBay,AUCTION,ok,0,https://www.ebay.com/itm/Eelektross-33-101-Plasma-Storm-PSA9-/285304774624
88c2a269-9217-49af-9892-f842be3912c5,2023-01-31,23.5,eBay,AUCTION,ok,0,https://www.ebay.com/itm/Pokemon-PSA-9-Mint-Eelektross-Holo-Plasma-Blast-Team-Plasma-2013-Black-White-/275648210308
88c2a269-9217-49af-9892-f842be3912c5,2022-09-16,21.5,eBay,AUCTION,ok,0,https://www.ebay.com/itm/PSA-9-2013-Pokemon-Black-White-Plasma-Blast-Holo-Eelektross-/255722208658
88c2a269-9217-49af-9892-f842be3912c5,2021-06-22,58,eBay,BEST_OFFER,ok,0,https://www.ebay.com/itm/Pokemon-Black-And-White-Eelektross-33-PSA-9-Mint-POP-4-/304035584616
8800af13-c92f-4abb-a11b-b28fa4d48951,2026-09-07,75,eBay,AUCTION,ok,0,https://www.ebay.com/itm/298611841018
8800af13-c92f-4abb-a11b-b28fa4d48951,2026-09-05,65,eBay,BUY_IT_NOW,ok,0,https://www.ebay.com/itm/276281539964
8800af13-c92f-4abb-a11b-b28fa4d48951,2026-08-27,70,eBay,BEST_OFFER,ok,0,https://www.ebay.com/itm/277920747783
8800af13-c92f-4abb-a11b-b28fa4d48951,2026-08-16,55,eBay,BEST_OFFER,ok,0,https://www.ebay.com/itm/137191022322
8800af13-c92f-4abb-a11b-b28fa4d48951,2026-08-09,48,PWCC Weekly Auctions,AUCTION,ok,0,https://www.fanaticscollect.com/weekly/417ad68c-87b1-11f1-b47c-0a58a9feac02
8800af13-c92f-4abb-a11b-b28fa4d48951,2026-07-16,50,eBay,BEST_OFFER,ok,0,https://www.ebay.com/itm/198322382547
8800af13-c92f-4abb-a11b-b28fa4d48951,2026-04-03,23.5,eBay,AUCTION,ok,0,https://www.ebay.com/itm/298174815601
8800af13-c92f-4abb-a11b-b28fa4d48951,2026-03-13,46.16,eBay,BUY_IT_NOW,ok,0,https://www.ebay.com/itm/177455821374
8800af13-c92f-4abb-a11b-b28fa4d48951,2026-02-01,39.99,eBay,BUY_IT_NOW,ok,0,https://www.ebay.com/itm/376339564870
8800af13-c92f-4abb-a11b-b28fa4d48951,2026-01-24,39,eBay,BUY_IT_NOW,ok,0,https://www.ebay.com/itm/157154266288
88599234-ebd0-472c-8b3d-2b41a51a1c8a,2026-08-12,55,eBay,BEST_OFFER,ok,0,https://www.ebay.com/itm/206469286983
88599234-ebd0-472c-8b3d-2b41a51a1c8a,2026-07-31,105,eBay,BUY_IT_NOW,ok,0,https://www.ebay.com/itm/168577515705
88599234-ebd0-472c-8b3d-2b41a51a1c8a,2026-03-06,131.93,eBay,BUY_IT_NOW,ok,0,https://www.ebay.com/itm/156487775353
88599234-ebd0-472c-8b3d-2b41a51a1c8a,2026-02-12,99.99,eBay,BEST_OFFER,ok,0,https://www.ebay.com/itm/364016092877
88599234-ebd0-472c-8b3d-2b41a51a1c8a,2025-12-19,35,eBay,BEST_OFFER,ok,0,https://www.ebay.com/itm/147003012093
88599234-ebd0-472c-8b3d-2b41a51a1c8a,2025-08-12,70,eBay,BEST_OFFER,ok,0,https://www.ebay.com/itm/297349659730
88599234-ebd0-472c-8b3d-2b41a51a1c8a,2025-05-25,35,eBay,BEST_OFFER,ok,0,https://www.ebay.com/itm/256556834101
88599234-ebd0-472c-8b3d-2b41a51a1c8a,2025-05-18,30,eBay,AUCTION,ok,0,https://www.ebay.com/itm/297292548787
88599234-ebd0-472c-8b3d-2b41a51a1c8a,2025-03-30,19.5,eBay,AUCTION,ok,0,https://www.ebay.com/itm/127007525796
88599234-ebd0-472c-8b3d-2b41a51a1c8a,2025-02-24,25,eBay,BEST_OFFER,ok,0,https://www.ebay.com/itm/PSA-9-Cacturne-Ex-Holo-006-Grass-Quick-Const-Packs-Tcg-2005-Pokemon-Japanese-/396151606003
881e67cd-247c-47e1-b542-8cf8ad79a51c,2026-07-05,45,eBay,BEST_OFFER,ok,0,https://www.ebay.com/itm/298479685777
881e67cd-247c-47e1-b542-8cf8ad79a51c,2026-04-12,16.05,eBay,AUCTION,ok,0,https://www.ebay.com/itm/117118101746
881e67cd-247c-47e1-b542-8cf8ad79a51c,2026-01-24,42.31,eBay,BUY_IT_NOW,ok,0,https://www.ebay.com/itm/187752552203
881e67cd-247c-47e1-b542-8cf8ad79a51c,2025-10-19,15.5,eBay,AUCTION,ok,0,https://www.ebay.com/itm/286869999192
881e67cd-247c-47e1-b542-8cf8ad79a51c,2025-08-22,15.5,eBay,AUCTION,ok,0,https://www.ebay.com/itm/306449781465
881e67cd-247c-47e1-b542-8cf8ad79a51c,2024-06-17,13.99,eBay,AUCTION,ok,0,https://www.ebay.com/itm/PSA-9-MINT-Pokemon-TCG-SM-Team-Up-19-181-Moltres-Holographic-Rare-Card-/126523207290
881e67cd-247c-47e1-b542-8cf8ad79a51c,2024-02-12,9.99,eBay,AUCTION,ok,0,https://www.ebay.com/itm/Moltres-Holo-2019-Pokemon-Team-Up-19-PSA-9-/256402689104
881e67cd-247c-47e1-b542-8cf8ad79a51c,2023-08-11,7,eBay,AUCTION,ok,0,https://www.ebay.com/itm/2019-Pokemon-Sun-Moon-Team-Up-Moltres-Holo-PSA-9-Mint-19-/266359907526
881e67cd-247c-47e1-b542-8cf8ad79a51c,2022-12-12,14,eBay,BEST_OFFER,ok,0,https://www.ebay.com/itm/2019-Pokemon-Sun-Moon-Team-Up-19-Moltres-Holo-PSA-9-Mint-/266038652562
881e67cd-247c-47e1-b542-8cf8ad79a51c,2022-08-22,25,eBay,BEST_OFFER,ok,0,https://www.ebay.com/itm/2019-Pokemon-Sun-Moon-Team-Up-Moltres-HOLO-Rare-Card-19-181-PSA-9-/185304415764
88f7590b-6480-45b1-af34-3571c38758c6,2026-09-20,1153.19,eBay,AUCTION,ok,0,https://www.ebay.com/itm/137717761431
88f7590b-6480-45b1-af34-3571c38758c6,2026-09-17,920.4,Alt,AUCTION,ok,0,https://alt.xyz/exchange/select-listing?ids=21f77617-ac64-4471-a9fb-f94d0f3ab58a
88f7590b-6480-45b1-af34-3571c38758c6,2026-08-18,1000,eBay,BUY_IT_NOW,ok,0,https://www.ebay.com/itm/336223970936
88f7590b-6480-45b1-af34-3571c38758c6,2026-05-24,560,eBay,AUCTION,ok,0,https://www.ebay.com/itm/188394534887
88f7590b-6480-45b1-af34-3571c38758c6,2026-03-18,1000,eBay,BUY_IT_NOW,ok,0,https://www.ebay.com/itm/336223970936
88f7590b-6480-45b1-af34-3571c38758c6,2026-02-23,402.02,eBay,BEST_OFFER,ok,0,https://www.ebay.com/itm/397532998769
88f7590b-6480-45b1-af34-3571c38758c6,2026-01-10,375,eBay,BEST_OFFER,ok,0,https://www.ebay.com/itm/227149461366
88f7590b-6480-45b1-af34-3571c38758c6,2025-11-23,351.04,eBay,BUY_IT_NOW,ok,0,https://www.ebay.com/itm/267447306936
88f7590b-6480-45b1-af34-3571c38758c6,2025-11-23,255,eBay,AUCTION,ok,0,https://www.ebay.com/itm/286939708447
88f7590b-6480-45b1-af34-3571c38758c6,2025-10-04,305,eBay,AUCTION,ok,0,https://www.ebay.com/itm/116798799738
88462fcb-292b-49b4-b351-829dae638932,2026-10-03,39.99,eBay,BUY_IT_NOW,ok,0,https://www.ebay.com/itm/307125456275
88462fcb-292b-49b4-b351-829dae638932,2026-09-22,31,eBay,AUCTION,ok,0,https://www.ebay.com/itm/366671305113
88462fcb-292b-49b4-b351-829dae638932,2026-08-23,39,eBay,BEST_OFFER,ok,0,https://www.ebay.com/itm/137639851615
88462fcb-292b-49b4-b351-829dae638932,2026-08-23,28.77,eBay,AUCTION,ok,0,https://www.ebay.com/itm/287524903362
88462fcb-292b-49b4-b351-829dae638932,2026-08-22,64.99,eBay,BEST_OFFER,ok,0,https://www.ebay.com/itm/407152327198
88462fcb-292b-49b4-b351-829dae638932,2026-08-22,45,eBay,AUCTION,ok,0,https://www.ebay.com/itm/227477333316
88462fcb-292b-49b4-b351-829dae638932,2026-08-20,22.5,eBay,AUCTION,ok,0,https://www.ebay.com/itm/278276696620
88462fcb-292b-49b4-b351-829dae638932,2026-08-08,38,eBay,BEST_OFFER,ok,0,https://www.ebay.com/itm/366588407138
88462fcb-292b-49b4-b351-829dae638932,2026-08-05,59.99,eBay,BEST_OFFER,ok,0,https://www.ebay.com/itm/336676929689
88462fcb-292b-49b4-b351-829dae638932,2026-08-04,49,eBay,AUCTION,RELISTED,0,https://www.ebay.com/itm/278225049992
88e505a1-185f-47fb-a71c-c56743216e20,2026-09-19,130,eBay,BEST_OFFER,ok,0,https://www.ebay.com/itm/366632820067
88e505a1-185f-47fb-a71c-c56743216e20,2026-08-30,44.08,eBay,AUCTION,ok,0,https://www.ebay.com/itm/298607995118
88e505a1-185f-47fb-a71c-c56743216e20,2026-08-14,173.5,eBay,AUCTION,ok,0,https://www.ebay.com/itm/298563480444
88e505a1-185f-47fb-a71c-c56743216e20,2026-05-12,40.13,eBay,BUY_IT_NOW,ok,0,https://www.ebay.com/itm/287317723964
88e505a1-185f-47fb-a71c-c56743216e20,2026-04-05,31,eBay,AUCTION,ok,0,https://www.ebay.com/itm/366313585980
88e505a1-185f-47fb-a71c-c56743216e20,2025-05-23,12.5,eBay,AUCTION,ok,0,https://www.ebay.com/itm/306295398473
88e505a1-185f-47fb-a71c-c56743216e20,2025-01-02,23.5,eBay,AUCTION,ok,0,https://www.ebay.com/itm/2001-POKEMON-JAPANESE-E-STARTER-DECK-1ST-EDITION-008-MEGANIUM-PSA-9-/305997755487
88e505a1-185f-47fb-a71c-c56743216e20,2023-10-29,21.6,PWCC Weekly Auctions,AUCTION,ok,0,https://www.fanaticscollect.com/weekly/d7f7847e-5f0b-11ee-8219-0a58a9feac02
88e505a1-185f-47fb-a71c-c56743216e20,2023-10-15,10.02,eBay,AUCTION,ok,0,https://www.ebay.com/itm/Pokemon-Japanese-Meganium-e-Starter-Deck-1st-Ed-008-029-PSA-9-MINT-/355091401609
88e505a1-185f-47fb-a71c-c56743216e20,2023-01-15,16.5,eBay,AUCTION,ok,0,https://www.ebay.com/itm/Pokemon-PSA-9-Mint-Japanese-e-Starter-Deck-Meganium-1st-Edition-008-/225339208681
880b1e56-353b-4159-8d33-681a17170512,2026-09-29,60,eBay,BUY_IT_NOW,ok,0,https://www.ebay.com/itm/188667955707
880b1e56-353b-4159-8d33-681a17170512,2026-09-25,59.99,eBay,BUY_IT_NOW,ok,0,https://www.ebay.com/itm/298612510356
880b1e56-353b-4159-8d33-681a17170512,2026-07-18,33,eBay,BEST_OFFER,ok,0,https://www.ebay.com/itm/178042867356
880b1e56-353b-4159-8d33-681a17170512,2026-07-09,32.54,eBay,AUCTION,ok,0,https://www.ebay.com/itm/278148096730
880b1e56-353b-4159-8d33-681a17170512,2026-06-21,37.29,eBay,AUCTION,RELISTED,0,https://www.ebay.com/itm/278088640425
880b1e56-353b-4159-8d33-681a17170512,2026-05-26,45,eBay,BEST_OFFER,ok,0,https://www.ebay.com/itm/406925620802
880b1e56-353b-4159-8d33-681a17170512,2026-05-24,44.4,PWCC Weekly Auctions,AUCTION,ok,0,https://www.fanaticscollect.com/weekly/44564efa-5218-11f1-af58-06cd273ee921
880b1e56-353b-4159-8d33-681a17170512,2026-03-28,14.09,eBay,AUCTION,ok,0,https://www.ebay.com/itm/236701290475
880b1e56-353b-4159-8d33-681a17170512,2026-03-21,56,eBay,AUCTION,ok,0,https://www.ebay.com/itm/298119744397
880b1e56-353b-4159-8d33-681a17170512,2025-10-18,58.94,eBay,BEST_OFFER,ok,0,https://www.ebay.com/itm/286777414819
88259764-8150-4b95-9b1d-67a4066d22e9,2026-04-05,42,eBay,AUCTION,ok,0,https://www.ebay.com/itm/117108521769
88259764-8150-4b95-9b1d-67a4066d22e9,2026-02-26,70,eBay,BEST_OFFER,ok,0,https://www.ebay.com/itm/357349138340
88259764-8150-4b95-9b1d-67a4066d22e9,2026-01-17,26,PWCC Fixed Price,BEST_OFFER,ok,0,https://www.fanaticscollect.com/buy-now/b1cfd83e-27a6-4f1f-a758-000c75e8e31f
88259764-8150-4b95-9b1d-67a4066d22e9,2024-07-08,44.84,eBay,BUY_IT_NOW,ok,0,https://www.ebay.com/itm/1999-Topps-Pokemon-TV-24-Arbok-Rainbow-Foil-Blue-Logo-PSA-9-MINT-/404511011944
88259764-8150-4b95-9b1d-67a4066d22e9,2021-10-06,100,eBay,AUCTION,ok,0,https://www.ebay.com/itm/1999-TOPPS-POKEMON-T-V-RAINBOW-FOIL-ARBOK-PSA-9-/334170115575
88bb9946-17ac-41fd-bd61-d4044ed51eae,2026-10-04,15,eBay,BUY_IT_NOW,ok,0,https://www.ebay.com/itm/374198339999
88bb9946-17ac-41fd-bd61-d4044ed51eae,2026-08-23,10,eBay,BUY_IT_NOW,ok,0,https://www.ebay.com/itm/137590495601
88bb9946-17ac-41fd-bd61-d4044ed51eae,2026-08-19,18.99,eBay,BUY_IT_NOW,ok,0,https://www.ebay.com/itm/296715172642
88bb9946-17ac-41fd-bd61-d4044ed51eae,2026-08-19,16.99,eBay,BEST_OFFER,ok,0,https://www.ebay.com/itm/275426942608
88bb9946-17ac-41fd-bd61-d4044ed51eae,2026-08-14,14.51,eBay,AUCTION,ok,0,https://www.ebay.com/itm/298565520178
88bb9946-17ac-41fd-bd61-d4044ed51eae,2026-07-30,37,eBay,BUY_IT_NOW,ok,0,https://www.ebay.com/itm/256650605853
88bb9946-17ac-41fd-bd61-d4044ed51eae,2026-07-28,15,eBay,AUCTION,ok,0,https://www.ebay.com/itm/366564975863
88bb9946-17ac-41fd-bd61-d4044ed51eae,2026-07-24,18.5,eBay,AUCTION,ok,0,https://www.ebay.com/itm/227438581006
88bb9946-17ac-41fd-bd61-d4044ed51eae,2026-06-09,15,eBay,BUY_IT_NOW,ok,0,https://www.ebay.com/itm/396269431397
88bb9946-17ac-41fd-bd61-d4044ed51eae,2026-05-08,20,eBay,BUY_IT_NOW,ok,0,https://www.ebay.com/itm/306854779922
8895d604-09fa-4b6d-81ea-4ba038b883da,2026-09-10,1045,eBay,BEST_OFFER,ok,1,https://www.ebay.com/itm/298560484272
8895d604-09fa-4b6d-81ea-4ba038b883da,2026-02-07,375,eBay,BEST_OFFER,ok,0,https://www.ebay.com/itm/397093176492
8895d604-09fa-4b6d-81ea-4ba038b883da,2025-05-29,120,eBay,BEST_OFFER,ok,0,https://www.ebay.com/itm/326544250844
8895d604-09fa-4b6d-81ea-4ba038b883da,2025-05-21,129,eBay,BEST_OFFER,ok,0,https://www.ebay.com/itm/116030744759
8895d604-09fa-4b6d-81ea-4ba038b883da,2025-04-20,88.8,PWCC Weekly Auctions,AUCTION,ok,0,https://www.fanaticscollect.com/weekly/092dbe4a-0a88-11f0-997b-0aac6dc85857
8895d604-09fa-4b6d-81ea-4ba038b883da,2025-04-13,100.8,PWCC Weekly Auctions,AUCTION,ok,0,https://www.fanaticscollect.com/weekly/3837fe6a-0a85-11f0-ad29-0a58a9feac02
8895d604-09fa-4b6d-81ea-4ba038b883da,2024-11-09,72,eBay,AUCTION,ok,0,https://www.ebay.com/itm/2009-POKEMON-JPN-MELEE-POKEMON-SCRAMBLE-008-ZAPDOS-PSA-9-/305874006469
8895d604-09fa-4b6d-81ea-4ba038b883da,2024-10-30,77,eBay,AUCTION,ok,0,https://www.ebay.com/itm/Zapdos-PSA9-008-016-Melee-Pokemon-Scramble-Japanese-TCG-Card-/387537275386
8895d604-09fa-4b6d-81ea-4ba038b883da,2024-10-15,156.68,eBay,BUY_IT_NOW,ok,0,https://www.ebay.com/itm/2009-Pokemon-Japanese-Zapdos-Melee-Pokemon-Scramble-008-PSA-9-MINT-/116122906066
8895d604-09fa-4b6d-81ea-4ba038b883da,2024-07-14,91.2,PWCC Weekly Auctions,AUCTION,ok,0,https://www.fanaticscollect.com/weekly/80bd14a6-359a-11ef-847f-025900cf9d85
8846780f-206d-4654-a518-ba5354f76914,2026-09-27,34.73,eBay,AUCTION,ok,0,https://www.ebay.com/itm/137746759045
8846780f-206d-4654-a518-ba5354f76914,2026-04-24,29.21,eBay,BEST_OFFER,ok,0,https://www.ebay.com/itm/147220620010
8846780f-206d-4654-a518-ba5354f76914,2026-03-31,26.6,eBay,BEST_OFFER,ok,0,https://www.ebay.com/itm/236502103566
8846780f-206d-4654-a518-ba5354f76914,2025-11-26,13.77,eBay,BUY_IT_NOW,ok,0,https://www.ebay.com/itm/127380199317
8846780f-206d-4654-a518-ba5354f76914,2025-10-31,14.99,eBay,AUCTION,ok,0,https://www.ebay.com/itm/177518977679
8846780f-206d-4654-a518-ba5354f76914,2025-09-10,14.5,eBay,AUCTION,ok,0,https://www.ebay.com/itm/376525971043
8846780f-206d-4654-a518-ba5354f76914,2025-06-29,16.8,PWCC Weekly Auctions,AUCTION,ok,0,https://www.fanaticscollect.com/weekly/2336a966-4df7-11f0-8884-0a58a9feac02
8846780f-206d-4654-a518-ba5354f76914,2025-05-03,9,eBay,BEST_OFFER,ok,0,https://www.ebay.com/itm/405685922550
8846780f-206d-4654-a518-ba5354f76914,2025-04-14,9.52,eBay,AUCTION,ok,0,https://www.ebay.com/itm/306218830654
8846780f-206d-4654-a518-ba5354f76914,2024-09-01,20,eBay,AUCTION,ok,0,https://www.ebay.com/itm/2019-Pokemon-Japanese-Sun-Moon-Tag-Team-Gx-All-Stars-Blastoise-Holo-PSA-9-/375612617498
88e8d2e6-1128-4e62-afcb-580b4c5d5f71,2026-10-06,26,eBay,AUCTION,ok,0,https://www.ebay.com/itm/307195081620
88e8d2e6-1128-4e62-afcb-580b4c5d5f71,2026-10-06,18.01,eBay,AUCTION,ok,0,https://www.ebay.com/itm/287617167867
88e8d2e6-1128-4e62-afcb-580b4c5d5f71,2026-10-04,77.77,eBay,BEST_OFFER,ok,0,https://www.ebay.com/itm/277777830868
88e8d2e6-1128-4e62-afcb-580b4c5d5f71,2026-10-04,28,eBay,AUCTION,ok,0,https://www.ebay.com/itm/307200460590
88e8d2e6-1128-4e62-afcb-580b4c5d5f71,2026-10-03,29.99,eBay,BUY_IT_NOW,ok,0,https://www.ebay.com/itm/198683589485
88e8d2e6-1128-4e62-afcb-580b4c5d5f71,2026-10-03,28,eBay,BEST_OFFER,ok,0,https://www.ebay.com/itm/920002564255
88e8d2e6-1128-4e62-afcb-580b4c5d5f71,2026-10-03,22.66,eBay,AUCTION,ok,0,https://www.ebay.com/itm/206582686043
88e8d2e6-1128-4e62-afcb-580b4c5d5f71,2026-10-02,30,eBay,BEST_OFFER,ok,0,https://www.ebay.com/itm/298721209899
88e8d2e6-1128-4e62-afcb-580b4c5d5f71,2026-10-02,28,eBay,BEST_OFFER,ok,0,https://www.ebay.com/itm/336689407801
88e8d2e6-1128-4e62-afcb-580b4c5d5f71,2026-10-01,42,eBay,BUY_IT_NOW,ok,0,https://www.ebay.com/itm/398433623009
88705a43-408c-4258-9f8e-f0ad9c28abad,2026-10-02,1121.68,eBay,BUY_IT_NOW,ok,0,https://www.ebay.com/itm/236836268919
88705a43-408c-4258-9f8e-f0ad9c28abad,2026-09-20,690,PWCC Weekly Auctions,AUCTION,ok,0,https://www.fanaticscollect.com/weekly/1ffbc1c8-ad41-11f1-999a-06d19b0b9c59
88705a43-408c-4258-9f8e-f0ad9c28abad,2026-07-20,650,eBay,BUY_IT_NOW,ok,0,https://www.ebay.com/itm/278172943342
88705a43-408c-4258-9f8e-f0ad9c28abad,2026-06-20,660,eBay,AUCTION,ok,0,https://www.ebay.com/itm/227387020724
88705a43-408c-4258-9f8e-f0ad9c28abad,2026-05-30,593.75,eBay,BEST_OFFER,ok,0,https://www.ebay.com/itm/377210136554
88705a43-408c-4258-9f8e-f0ad9c28abad,2026-05-28,835,eBay,BEST_OFFER,ok,0,https://www.ebay.com/itm/198345806210
88705a43-408c-4258-9f8e-f0ad9c28abad,2026-04-23,391.2,Alt,AUCTION,ok,0,https://alt.xyz/exchange/select-listing?ids=886bf481-5b11-4148-8e00-c429670549a3
88705a43-408c-4258-9f8e-f0ad9c28abad,2026-04-19,384,PWCC Weekly Auctions,AUCTION,ok,0,https://www.fanaticscollect.com/weekly/f4e505d0-328e-11f1-9ea4-0a58a9feac02
88705a43-408c-4258-9f8e-f0ad9c28abad,2026-04-14,699.99,eBay,BUY_IT_NOW,ok,0,https://www.ebay.com/itm/336172706338
88705a43-408c-4258-9f8e-f0ad9c28abad,2026-04-06,340,eBay,BUY_IT_NOW,ok,0,https://www.ebay.com/itm/406831626863
88543495-d17a-482c-ac61-359e89150e71,2026-09-30,75,eBay,BUY_IT_NOW,ok,0,https://www.ebay.com/itm/156671990142
88543495-d17a-482c-ac61-359e89150e71,2026-02-28,30,eBay,BEST_OFFER,ok,0,https://www.ebay.com/itm/306559363173
88543495-d17a-482c-ac61-359e89150e71,2025-02-13,70,eBay,BEST_OFFER,ok,0,https://www.ebay.com/itm/PSA-Signed-Michele-Knotz-Pokemon-EX-Ruby-Sapphire-Mudkip-59-109-/276526090986
88543495-d17a-482c-ac61-359e89150e71,2024-12-09,33,eBay,BEST_OFFER,ok,0,https://www.ebay.com/itm/2015-Pokemon-XY-Breakthrough-Zoroark-Holo-91-PSA-9-MINT-/326261154006
88543495-d17a-482c-ac61-359e89150e71,2023-12-03,4.35,eBay,AUCTION,ok,0,https://www.ebay.com/itm/2015-Pokemon-XY-BREAKthrough-Zoroark-Nt-Strkr-91-PSA-9-MINT-/235313878467
88543495-d17a-482c-ac61-359e89150e71,2023-02-19,34.23,eBay,BUY_IT_NOW,ok,0,https://www.ebay.com/itm/PSA-9-Zoroark-2015-XY-Breakthrough-91-162-Holo-Rare-Pokemon-Card-/165945382425
88543495-d17a-482c-ac61-359e89150e71,2022-12-06,10,eBay,AUCTION,ok,0,https://www.ebay.com/itm/2015-Zoroark-91-162-Promo-Cosmos-Holo-Rare-Pokemon-XY-Breakthrough-PSA-9-/225277173043
88543495-d17a-482c-ac61-359e89150e71,2022-12-04,24.95,eBay,BUY_IT_NOW,ok,0,https://www.ebay.com/itm/Holo-Foil-Zoroark-91-162-XY-Breakthrough-Set-Pokemon-Cards-PSA-9-MINT-/115089033484
88543495-d17a-482c-ac61-359e89150e71,2022-10-09,5.5,eBay,AUCTION,ok,0,https://www.ebay.com/itm/2015-Pokemon-XY-Zoroark-Breakthrough-Night-Striker-91-162-PSA-9-O91-/374290778028
88543495-d17a-482c-ac61-359e89150e71,2021-12-19,14.5,eBay,AUCTION,ok,0,https://www.ebay.com/itm/PSA-9-MINT-Zoroark-Holo-91-162-XY-Breakthrough-2015-Pokemon-Card-/284566530501
88c22d70-b467-4224-b417-738366828ba5,2026-09-04,226,PWCC Fixed Price,BEST_OFFER,ok,0,https://www.fanaticscollect.com/buy-now/16083a12-0afa-492c-a0e4-7b4b6c693c62
88c22d70-b467-4224-b417-738366828ba5,2026-07-29,220,eBay,AUCTION,ok,0,https://www.ebay.com/itm/407096696574
88c22d70-b467-4224-b417-738366828ba5,2026-07-24,220,eBay,AUCTION,RELISTED,0,https://www.ebay.com/itm/407084039274
88c22d70-b467-4224-b417-738366828ba5,2026-07-19,115.2,PWCC Weekly Auctions,AUCTION,ok,0,https://www.fanaticscollect.com/weekly/fb559a42-7717-11f1-919d-0a58a9feac02
88c22d70-b467-4224-b417-738366828ba5,2026-06-16,240,eBay,BEST_OFFER,ok,0,https://www.ebay.com/itm/397944185881
88c22d70-b467-4224-b417-738366828ba5,2025-09-05,85,eBay,BUY_IT_NOW,ok,0,https://www.ebay.com/itm/127244716135
88c22d70-b467-4224-b417-738366828ba5,2025-08-31,40.8,PWCC Weekly Auctions,AUCTION,ok,0,https://www.fanaticscollect.com/weekly/6b2f0c6c-7c4c-11f0-b5d9-0a58a9feac02
88c22d70-b467-4224-b417-738366828ba5,2025-06-08,79.78,eBay,AUCTION,ok,0,https://www.ebay.com/itm/286600698951
88c22d70-b467-4224-b417-738366828ba5,2025-02-14,74.99,eBay,BEST_OFFER,ok,0,https://www.ebay.com/itm/2004-pokemon-japanese-ninetales-holo-undone-seal-1st-edition-PSA-9-/126725431572
88c22d70-b467-4224-b417-738366828ba5,2025-01-26,57.43,eBay,AUCTION,ok,0,https://www.ebay.com/itm/PSA-9-Ninetales-Undone-Seal-1st-Ed-Japanese-Pokemon-Card-2004-/156651796049
88bff031-3290-442e-8f97-bfbded310d7d,2026-03-11,200,eBay,BEST_OFFER,ok,0,https://www.ebay.com/itm/257069032425
88bff031-3290-442e-8f97-bfbded310d7d,2026-03-04,220,eBay,BEST_OFFER,ok,0,https://www.ebay.com/itm/306761585974
88bff031-3290-442e-8f97-bfbded310d7d,2025-05-29,54.99,eBay,BEST_OFFER,ok,0,https://www.ebay.com/itm/376290518614
88bff031-3290-442e-8f97-bfbded310d7d,2023-08-05,59.99,eBay,BUY_IT_NOW,ok,0,https://www.ebay.com/itm/Pokemon-Typhlosion-Prime-110-123-HeartGold-SoulSilver-Base-PSA-9-MINT-SPANISH-/256136418057
88bff031-3290-442e-8f97-bfbded310d7d,2022-11-26,26,eBay,AUCTION,ok,0,https://www.ebay.com/itm/Pokemon-PSA9-Typhlosion-Prime-Holo-HGSS-110-Spanish-/304711614828
88bff031-3290-442e-8f97-bfbded310d7d,2022-11-23,16.5,eBay,AUCTION,ok,0,https://www.ebay.com/itm/2010-Spanish-Pokemon-Typhlosion-Prime-110-123-HGSS-PSA-9-Mint-/225255688634
88bff031-3290-442e-8f97-bfbded310d7d,2022-05-15,40,eBay,AUCTION,ok,0,https://www.ebay.com/itm/PSA-9-Mint-2010-Pokemon-Heartgold-Soulsilver-110-Typhlosion-Holo-Spanish-Prime-/224976028656
88bff031-3290-442e-8f97-bfbded310d7d,2022-02-10,50,eBay,BEST_OFFER,ok,0,https://www.ebay.com/itm/PSA-Mint-9-2010-Pokemon-Heartgold-Soulsilver-110-Typhlosion-Holo-Spanish-Prime-/384727427034
88bff031-3290-442e-8f97-bfbded310d7d,2022-02-04,46,eBay,AUCTION,ok,0,https://www.ebay.com/itm/PSA-Mint-9-2010-Pokemon-Heartgold-Soulsilver-110-Typhlosion-Holo-Spanish-Prime-/384704415985
88bff031-3290-442e-8f97-bfbded310d7d,2022-01-23,40,eBay,AUCTION,ok,0,https://www.ebay.com/itm/PSA-Mint-9-2010-Pokemon-Heartgold-Soulsilver-110-Typhlosion-Holo-Spanish-Prime-/224793217807
88a1d34d-88b7-448f-95fd-d91a8ee98690,2026-10-02,196.43,eBay,AUCTION,ok,0,https://www.ebay.com/itm/298703639980
88a1d34d-88b7-448f-95fd-d91a8ee98690,2026-09-01,219.99,eBay,BEST_OFFER,ok,0,https://www.ebay.com/itm/307125750374
88a1d34d-88b7-448f-95fd-d91a8ee98690,2026-08-04,203.5,eBay,AUCTION,ok,0,https://www.ebay.com/itm/307090026009
88a1d34d-88b7-448f-95fd-d91a8ee98690,2026-08-04,189,eBay,AUCTION,ok,0,https://www.ebay.com/itm/117325378527
88a1d34d-88b7-448f-95fd-d91a8ee98690,2026-07-11,106.27,eBay,AUCTION,ok,0,https://www.ebay.com/itm/800301039659
88a1d34d-88b7-448f-95fd-d91a8ee98690,2026-04-08,255,eBay,AUCTION,ok,0,https://www.ebay.com/itm/117117694712
88a1d34d-88b7-448f-95fd-d91a8ee98690,2026-03-13,80,eBay,BEST_OFFER,ok,0,https://www.ebay.com/itm/236126658127
88a1d34d-88b7-448f-95fd-d91a8ee98690,2026-03-04,87.99,eBay,BEST_OFFER,ok,0,https://www.ebay.com/itm/335985002090
88a1d34d-88b7-448f-95fd-d91a8ee98690,2026-01-20,80,eBay,BEST_OFFER,ok,0,https://www.ebay.com/itm/397209918455
88a1d34d-88b7-448f-95fd-d91a8ee98690,2025-11-30,31.2,PWCC Weekly Auctions,AUCTION,ok,0,https://www.fanaticscollect.com/weekly/cd1f0c02-c0de-11f0-9b6f-0aa5a1e132ff
88a1df60-d9b6-42b8-bf79-f04c230b0b50,2026-09-27,185,PWCC Fixed Price,BEST_OFFER,ok,0,https://www.fanaticscollect.com/buy-now/6da13548-9cbe-43ae-ad46-5b096d742601
88a1df60-d9b6-42b8-bf79-f04c230b0b50,2026-08-23,195,eBay,BEST_OFFER,ok,0,https://www.ebay.com/itm/178231124602
88a1df60-d9b6-42b8-bf79-f04c230b0b50,2026-07-26,179.5,eBay,AUCTION,ok,0,https://www.ebay.com/itm/117304732148
88a1df60-d9b6-42b8-bf79-f04c230b0b50,2026-07-06,189.99,eBay,AUCTION,ok,0,https://www.ebay.com/itm/298464656703
88a1df60-d9b6-42b8-bf79-f04c230b0b50,2026-06-20,179.99,eBay,BUY_IT_NOW,ok,0,https://www.ebay.com/itm/188301677957
88a1df60-d9b6-42b8-bf79-f04c230b0b50,2026-05-06,110,eBay,BUY_IT_NOW,ok,0,https://www.ebay.com/itm/116904938947
88a1df60-d9b6-42b8-bf79-f04c230b0b50,2026-03-22,85,eBay,BUY_IT_NOW,ok,0,https://www.ebay.com/itm/389484173451
88a1df60-d9b6-42b8-bf79-f04c230b0b50,2026-01-28,52.51,eBay,AUCTION,ok,0,https://www.ebay.com/itm/116992029101
88a1df60-d9b6-42b8-bf79-f04c230b0b50,2025-12-29,65,eBay,BUY_IT_NOW,ok,0,https://www.ebay.com/itm/286272304699
88a1df60-d9b6-42b8-bf79-f04c230b0b50,2025-12-29,60,eBay,BUY_IT_NOW,ok,0,https://www.ebay.com/itm/227109658708
88920fc9-1290-4c25-aff2-c008be59129e,2026-05-31,117.07,eBay,AUCTION,ok,0,https://www.ebay.com/itm/287331153235
88920fc9-1290-4c25-aff2-c008be59129e,2026-03-15,132,PWCC Weekly Auctions,AUCTION,ok,0,https://www.fanaticscollect.com/weekly/e012765e-1800-11f1-8c60-0a58a9feac02
88920fc9-1290-4c25-aff2-c008be59129e,2025-10-18,195,eBay,BEST_OFFER,ok,0,https://www.ebay.com/itm/365854661535
88920fc9-1290-4c25-aff2-c008be59129e,2024-03-31,126,PWCC Weekly Auctions,AUCTION,ok,0,https://www.fanaticscollect.com/weekly/6b992d50-dc9c-11ee-a908-060e4c80a58d
88920fc9-1290-4c25-aff2-c008be59129e,2024-02-18,105.6,PWCC Weekly Auctions,AUCTION,ok,0,https://www.fanaticscollect.com/weekly/9d3453c0-bc9a-11ee-a364-0a58a9feac02
88920fc9-1290-4c25-aff2-c008be59129e,2024-01-14,112.8,PWCC Weekly Auctions,AUCTION,NOT_PAID,0,https://www.pwccmarketplace.com/items/4195590
88920fc9-1290-4c25-aff2-c008be59129e,2023-12-27,117.5,eBay,AUCTION,ok,0,https://www.ebay.com/itm/2021-Pokemon-Chinese-S-P-VMAX-HR-Fight-086-FA-Charizard-GX-PSA-9-MINT-/375134145525
88920fc9-1290-4c25-aff2-c008be59129e,2023-12-10,132,PWCC Weekly Auctions,AUCTION,NOT_PAID,0,https://www.pwccmarketplace.com/items/4163390
88920fc9-1290-4c25-aff2-c008be59129e,2023-11-19,186,PWCC Weekly Auctions,AUCTION,NOT_PAID,0,https://www.pwccmarketplace.com/items/4126957
88920fc9-1290-4c25-aff2-c008be59129e,2023-10-22,150,PWCC Weekly Auctions,AUCTION,ok,0,https://www.fanaticscollect.com/weekly/b03d048e-6dc7-11ee-97ca-0616bf63a4ad
88e18db4-52a9-4af2-a20f-cb618bd9d8e8,2026-09-07,1215,eBay,AUCTION,ok,0,https://www.ebay.com/itm/307144006978
88e18db4-52a9-4af2-a20f-cb618bd9d8e8,2026-09-07,876,eBay,AUCTION,ok,0,https://www.ebay.com/itm/307144006921
88e18db4-52a9-4af2-a20f-cb618bd9d8e8,2026-09-06,786.36,eBay,BEST_OFFER,ok,0,https://www.ebay.com/itm/188698588604
88e18db4-52a9-4af2-a20f-cb618bd9d8e8,2026-08-24,950,eBay,BEST_OFFER,ok,0,https://www.ebay.com/itm/307084873240
88e18db4-52a9-4af2-a20f-cb618bd9d8e8,2026-08-09,631,eBay,AUCTION,ok,0,https://www.ebay.com/itm/158148293325
88e18db4-52a9-4af2-a20f-cb618bd9d8e8,2026-07-20,1025,eBay,AUCTION,RELISTED,0,https://www.ebay.com/itm/158080545569
88e18db4-52a9-4af2-a20f-cb618bd9d8e8,2026-05-22,925,eBay,BEST_OFFER,ok,0,https://www.ebay.com/itm/168336397290
88e18db4-52a9-4af2-a20f-cb618bd9d8e8,2026-05-21,810,eBay,AUCTION,ok,0,https://www.ebay.com/itm/800019993367
88e18db4-52a9-4af2-a20f-cb618bd9d8e8,2026-04-29,680,eBay,AUCTION,RELISTED,0,https://www.ebay.com/itm/366363303724
88e18db4-52a9-4af2-a20f-cb618bd9d8e8,2026-04-02,350,eBay,AUCTION,ok,0,https://www.ebay.com/itm/377069929817
885f25b6-0a13-4fd3-9bb0-e357a29173db,2026-09-17,27.01,eBay,AUCTION,ok,0,https://www.ebay.com/itm/307170715730
885f25b6-0a13-4fd3-9bb0-e357a29173db,2026-09-03,22.13,CardHobby,AUCTION,ok,0,https://www.cardhobby.com/#/carddetails/132399789
885f25b6-0a13-4fd3-9bb0-e357a29173db,2026-08-29,30,eBay,BEST_OFFER,ok,0,https://www.ebay.com/itm/298628058363
885f25b6-0a13-4fd3-9bb0-e357a29173db,2026-08-15,15.8,CardHobby,AUCTION,ok,0,https://www.cardhobby.com/#/carddetails/127608784
885f25b6-0a13-4fd3-9bb0-e357a29173db,2026-07-01,18.87,CardHobby,AUCTION,ok,0,https://www.cardhobby.com/#/carddetails/120377202
885f25b6-0a13-4fd3-9bb0-e357a29173db,2025-10-15,26.82,eBay,AUCTION,ok,0,https://www.ebay.com/itm/306536523658
885f25b6-0a13-4fd3-9bb0-e357a29173db,2024-12-26,14.99,eBay,BUY_IT_NOW,ok,0,https://www.ebay.com/itm/Pokemon-PSA-9-Mantine-226-Japanese-Neo-Genesis-Mint-Sugimori-Card-/175667188810
885f25b6-0a13-4fd3-9bb0-e357a29173db,2024-02-22,14.99,eBay,BUY_IT_NOW,ok,0,https://www.ebay.com/itm/2000-Pokemon-Neo-Mantine-226-Japanese-Release-Non-Holo-PSA-9-MINT-/305408777370
885f25b6-0a13-4fd3-9bb0-e357a29173db,2023-08-13,11.5,eBay,AUCTION,ok,0,https://www.ebay.com/itm/Pokemon-Mantine-Neo-1-Japanese-226-PSA-9-Mint-/285415971180
885f25b6-0a13-4fd3-9bb0-e357a29173db,2023-03-12,16.52,eBay,BUY_IT_NOW,ok,0,https://www.ebay.com/itm/JAPANESE-NEO-2-26-2000-Pokemon-MANTINE-psa-9-MINT-/185602912562
887dd7b5-b2ae-4405-9ea4-8a7e6f921517,2026-10-04,20.44,eBay,AUCTION,ok,0,https://www.ebay.com/itm/298697888245
887dd7b5-b2ae-4405-9ea4-8a7e6f921517,2026-09-16,23.2,eBay,AUCTION,ok,0,https://www.ebay.com/itm/188904750993
887dd7b5-b2ae-4405-9ea4-8a7e6f921517,2026-09-04,33.96,eBay,AUCTION,ok,0,https://www.ebay.com/itm/298620000870
887dd7b5-b2ae-4405-9ea4-8a7e6f921517,2026-08-28,44.99,eBay,BUY_IT_NOW,ok,0,https://www.ebay.com/itm/277963473684
887dd7b5-b2ae-4405-9ea4-8a7e6f921517,2026-08-05,35,eBay,BEST_OFFER,ok,0,https://www.ebay.com/itm/227440330097
887dd7b5-b2ae-4405-9ea4-8a7e6f921517,2026-07-29,27.99,eBay,BUY_IT_NOW,ok,0,https://www.ebay.com/itm/326321750250
887dd7b5-b2ae-4405-9ea4-8a7e6f921517,2026-07-24,35,eBay,AUCTION,ok,0,https://www.ebay.com/itm/298510692902
887dd7b5-b2ae-4405-9ea4-8a7e6f921517,2026-07-19,42,PWCC Fixed Price,BEST_OFFER,ok,0,https://www.fanaticscollect.com/buy-now/52f7f3c4-5809-4b85-babd-ce947cbc40ce
887dd7b5-b2ae-4405-9ea4-8a7e6f921517,2026-07-17,42.72,eBay,BUY_IT_NOW,ok,0,https://www.ebay.com/itm/298460928433
887dd7b5-b2ae-4405-9ea4-8a7e6f921517,2026-07-17,8.87,CardHobby,AUCTION,ok,0,https://www.cardhobby.com/#/carddetails/122737320
8880cbe1-b0af-4645-9575-66b37a044feb,2026-08-11,250,eBay,BEST_OFFER,ok,0,https://www.ebay.com/itm/800416738196
8880cbe1-b0af-4645-9575-66b37a044feb,2026-07-06,227.5,eBay,AUCTION,ok,0,https://www.ebay.com/itm/407039892731
8880cbe1-b0af-4645-9575-66b37a044feb,2026-04-01,146.36,eBay,BEST_OFFER,ok,0,https://www.ebay.com/itm/188204507004
8880cbe1-b0af-4645-9575-66b37a044feb,2026-03-20,165,eBay,BEST_OFFER,ok,0,https://www.ebay.com/itm/364016149155
8880cbe1-b0af-4645-9575-66b37a044feb,2026-03-20,147.74,eBay,BEST_OFFER,RELISTED,0,https://www.ebay.com/itm/187762816472
8880cbe1-b0af-4645-9575-66b37a044feb,2026-03-04,115,eBay,BUY_IT_NOW,ok,0,https://www.ebay.com/itm/366132793021
8880cbe1-b0af-4645-9575-66b37a044feb,2026-02-24,124.99,eBay,BEST_OFFER,ok,0,https://www.ebay.com/itm/167808627694
8880cbe1-b0af-4645-9575-66b37a044feb,2026-02-21,46,eBay,AUCTION,ok,0,https://www.ebay.com/itm/366200917428
8880cbe1-b0af-4645-9575-66b37a044feb,2026-02-01,51.01,eBay,AUCTION,RELISTED,0,https://www.ebay.com/itm/366149916633
8880cbe1-b0af-4645-9575-66b37a044feb,2025-07-09,93.8,eBay,BUY_IT_NOW,ok,0,https://www.ebay.com/itm/317019278469
882696ca-f5b7-4846-82e3-23ce37e6c1af,2023-04-03,50,eBay,BEST_OFFER,ok,0,https://www.ebay.com/itm/Pokemon-2009-Platinum-Supreme-Victors-122-147-Reverse-Holo-Rhyhorn-PSA-9-Mint-/394225880012
882696ca-f5b7-4846-82e3-23ce37e6c1af,2022-08-13,18.52,eBay,AUCTION,ok,0,https://www.ebay.com/itm/2009-Pokemon-Platinum-Supreme-Victors-Rhyhorn-Reverse-Holo-122-147-PSA-9-Mint-/185524003896
88bd74d7-94f8-4bc1-811f-7e32e64946cb,2026-10-04,399.99,eBay,BUY_IT_NOW,ok,0,https://www.ebay.com/itm/298659016569
88bd74d7-94f8-4bc1-811f-7e32e64946cb,2026-09-25,129,PWCC Fixed Price,BEST_OFFER,ok,0,https://www.fanaticscollect.com/buy-now/f73b5841-be07-447c-a1d0-d612e99f88f3
88bd74d7-94f8-4bc1-811f-7e32e64946cb,2026-09-08,359,eBay,BEST_OFFER,RELISTED,0,https://www.ebay.com/itm/278286749427
88bd74d7-94f8-4bc1-811f-7e32e64946cb,2026-08-30,316.69,eBay,AUCTION,ok,0,https://www.ebay.com/itm/287541277593
88bd74d7-94f8-4bc1-811f-7e32e64946cb,2026-08-13,350,eBay,BEST_OFFER,RELISTED,0,https://www.ebay.com/itm/277884424601
88bd74d7-94f8-4bc1-811f-7e32e64946cb,2026-08-02,285,eBay,BUY_IT_NOW,ok,0,https://www.ebay.com/itm/178354390858
88bd74d7-94f8-4bc1-811f-7e32e64946cb,2026-07-09,202.5,eBay,AUCTION,ok,0,https://www.ebay.com/itm/407048014294
88bd74d7-94f8-4bc1-811f-7e32e64946cb,2026-07-08,200.5,eBay,AUCTION,ok,0,https://www.ebay.com/itm/117277866624
88bd74d7-94f8-4bc1-811f-7e32e64946cb,2026-03-15,96,eBay,AUCTION,ok,0,https://www.ebay.com/itm/306800416017
88bd74d7-94f8-4bc1-811f-7e32e64946cb,2026-03-03,110,eBay,BUY_IT_NOW,ok,0,https://www.ebay.com/itm/336457361057
88a792c2-6bef-4e52-9e99-bc6457767f70,2026-08-02,32.4,PWCC Weekly Auctions,AUCTION,ok,0,https://www.fanaticscollect.com/weekly/bdad9820-7974-11f1-a7bc-0a58a9feac02
88a792c2-6bef-4e52-9e99-bc6457767f70,2026-06-14,105.5,eBay,AUCTION,ok,0,https://www.ebay.com/itm/306986662959
88a792c2-6bef-4e52-9e99-bc6457767f70,2026-01-02,69.99,eBay,BUY_IT_NOW,ok,0,https://www.ebay.com/itm/116924385049
88a792c2-6bef-4e52-9e99-bc6457767f70,2025-12-17,82.23,eBay,BEST_OFFER,ok,0,https://www.ebay.com/itm/234797422855
88a792c2-6bef-4e52-9e99-bc6457767f70,2025-01-23,24.5,eBay,AUCTION,ok,0,https://www.ebay.com/itm/2004-POKEMON-JAPANESE-SILVER-DECK-KIT-1ST-EDITION-012-DARK-DRAGONAIR-PSA-9-/306042777857
88a792c2-6bef-4e52-9e99-bc6457767f70,2025-01-23,20.5,eBay,AUCTION,ok,0,https://www.ebay.com/itm/2004-POKEMON-JAPANESES-SILVER-DECK-KIT-1ST-EDITION-012-DARK-DRAGONAIR-PSA-9-/306042777848
88a792c2-6bef-4e52-9e99-bc6457767f70,2024-12-22,6.5,eBay,AUCTION,ok,0,https://www.ebay.com/itm/2004-POKEMON-JAPANESE-SILVER-DECK-KIT-1ST-EDITION-012-DARK-DRAGONAIR-PSA-9-/305974545326
88a792c2-6bef-4e52-9e99-bc6457767f70,2024-11-23,27.99,eBay,BEST_OFFER,ok,0,https://www.ebay.com/itm/PSA-9-Mint-Dark-Dragonair-012-020-Silver-Deck-Kit-1ED-2004-Japanese-Card-Graded-/275677940548
88a792c2-6bef-4e52-9e99-bc6457767f70,2024-11-07,23,eBay,AUCTION,ok,0,https://www.ebay.com/itm/Dark-Dragonair-12-Silver-Deck-Kit-1st-Edition-2004-Pokemon-Japanese-PSA-9-/135334551878
88a792c2-6bef-4e52-9e99-bc6457767f70,2024-07-02,19.99,eBay,BUY_IT_NOW,ok,0,https://www.ebay.com/itm/Dark-Dragonair-PSA-9-Pokemon-012-Silver-Deck-Kit-Japanese-Team-Rocket-Returns-/266372025998
8863f1fa-db64-49c7-9d6d-683bf1078bee,2026-07-16,275,eBay,BEST_OFFER,ok,0,https://www.ebay.com/itm/117263811657
8863f1fa-db64-49c7-9d6d-683bf1078bee,2025-08-01,129.91,eBay,BEST_OFFER,ok,0,https://www.ebay.com/itm/355661657748
8863f1fa-db64-49c7-9d6d-683bf1078bee,2025-06-17,120,eBay,BEST_OFFER,ok,0,https://www.ebay.com/itm/276814586797
8863f1fa-db64-49c7-9d6d-683bf1078bee,2025-06-07,140,eBay,BEST_OFFER,ok,0,https://www.ebay.com/itm/285670045646
8863f1fa-db64-49c7-9d6d-683bf1078bee,2024-10-19,41,eBay,AUCTION,ok,0,https://www.ebay.com/itm/1998-POCKET-MONSTERS-SEALDASS-SER-3-130-GYARADOS-PRISM-PSA-9-/305825428654
8863f1fa-db64-49c7-9d6d-683bf1078bee,2023-03-22,115.5,eBay,AUCTION,ok,0,https://www.ebay.com/itm/1998-Japanese-SEALDASS-series-3-Pokemon-card-GYARADOS-water-PSA-9-Bandai-PRISM-/385482259738
8863f1fa-db64-49c7-9d6d-683bf1078bee,2023-03-19,86.4,PWCC Weekly Auctions,AUCTION,ok,0,https://www.fanaticscollect.com/weekly/d32ed508-a81f-11ed-8bcd-06b4ceee86f9
8863f1fa-db64-49c7-9d6d-683bf1078bee,2022-12-13,137.5,eBay,AUCTION,ok,0,https://www.ebay.com/itm/1998-Pokemon-Pocket-Monsters-Sealdass-Series-3-Gyarados-Prism-130-PSA-9-MINT-/125654418330
8825e345-51e8-4436-853b-d2d90848724a,2026-09-23,20.5,eBay,AUCTION,ok,0,https://www.ebay.com/itm/206561460654
8825e345-51e8-4436-853b-d2d90848724a,2026-09-06,32.4,PWCC Weekly Auctions,AUCTION,ok,0,https://www.fanaticscollect.com/weekly/75ed128c-9cbe-11f1-bee1-0650edd76627
8825e345-51e8-4436-853b-d2d90848724a,2026-07-21,25,eBay,BEST_OFFER,ok,0,https://www.ebay.com/itm/318339911948
8825e345-51e8-4436-853b-d2d90848724a,2026-06-21,29,eBay,AUCTION,ok,0,https://www.ebay.com/itm/188512803132
8825e345-51e8-4436-853b-d2d90848724a,2026-06-20,29.99,eBay,BEST_OFFER,ok,0,https://www.ebay.com/itm/117228973757
8825e345-51e8-4436-853b-d2d90848724a,2026-06-07,10.5,eBay,AUCTION,RELISTED,0,https://www.ebay.com/itm/188459379244
8825e345-51e8-4436-853b-d2d90848724a,2026-05-05,14.99,eBay,BUY_IT_NOW,ok,0,https://www.ebay.com/itm/187689695450
8825e345-51e8-4436-853b-d2d90848724a,2026-05-03,18.01,eBay,AUCTION,ok,0,https://www.ebay.com/itm/127834610917
8825e345-51e8-4436-853b-d2d90848724a,2026-04-22,24.98,eBay,AUCTION,ok,0,https://www.ebay.com/itm/306880602013
8825e345-51e8-4436-853b-d2d90848724a,2026-04-08,30,eBay,BUY_IT_NOW,ok,0,https://www.ebay.com/itm/168249815089
88917af6-d6da-4f75-8e01-36baa3bf2e66,2026-09-12,49,PWCC Fixed Price,BEST_OFFER,ok,0,https://www.fanaticscollect.com/buy-now/4b8becf1-22db-4926-88d0-2299c9a902a5
88917af6-d6da-4f75-8e01-36baa3bf2e66,2026-01-15,47,eBay,AUCTION,ok,0,https://www.ebay.com/itm/116971187706
88917af6-d6da-4f75-8e01-36baa3bf2e66,2025-10-25,56.24,eBay,BUY_IT_NOW,ok,0,https://www.ebay.com/itm/365283782855
88917af6-d6da-4f75-8e01-36baa3bf2e66,2023-03-18,18.52,eBay,AUCTION,ok,0,https://www.ebay.com/itm/2002-Pokemon-Japanese-Wind-Sea-Kingdra-1st-Edition-041-087-PSA-9-/295562934686
88917af6-d6da-4f75-8e01-36baa3bf2e66,2023-01-29,36,eBay,AUCTION,ok,0,https://www.ebay.com/itm/Pokemon-Kingdra-Wind-Sea-1st-Ed-Japanese-041-PSA-9-468I2-cracked-slab-/285115244291
8893bbb0-f64d-475d-96d4-aed3e42664f6,2023-02-20,16.5,eBay,AUCTION,ok,0,https://www.ebay.com/itm/2012-Pokemon-Jpn-B-W-Dragon-Blade-1st-Edition-023-Golurk-Holo-PSA-9-MINT-/385413845397
883eb4ee-e9c8-4533-9d69-c9a2e107626c,2025-12-27,30,eBay,BEST_OFFER,ok,0,https://www.ebay.com/itm/256866229073
883eb4ee-e9c8-4533-9d69-c9a2e107626c,2024-08-12,31,eBay,AUCTION,ok,0,https://www.ebay.com/itm/2008-POKEMON-DIAMOND-PEARL-LEGENDS-AWAKENED-52-DRAGONAIR-PSA-9-/305699301167
883eb4ee-e9c8-4533-9d69-c9a2e107626c,2023-03-22,17.96,eBay,AUCTION,ok,0,https://www.ebay.com/itm/Pokemon-Card-PSA-9-Mint-Dragonair-Legends-Awakened-2008-Non-Holo-52-146-/115731198231
88afd837-8663-49aa-998c-1781e4274eb7,2025-09-20,820,eBay,AUCTION,ok,0,https://www.ebay.com/itm/388982317824
88afd837-8663-49aa-998c-1781e4274eb7,2023-03-24,1400,eBay,BEST_OFFER,ok,0,https://www.ebay.com/itm/Pokemon-First-Appearance-Topps-2000-Slowking-PSA-9-Only-Pop-3-No-Higher-Grades-/304740381324
888370f1-a311-4be9-afa9-140082da72e5,2026-07-03,180,eBay,BEST_OFFER,ok,0,https://www.ebay.com/itm/325522479724
888370f1-a311-4be9-afa9-140082da72e5,2026-06-06,113.27,eBay,BEST_OFFER,ok,0,https://www.ebay.com/itm/358585889927
888370f1-a311-4be9-afa9-140082da72e5,2026-04-20,33.79,eBay,AUCTION,ok,0,https://www.ebay.com/itm/137235501661
888370f1-a311-4be9-afa9-140082da72e5,2025-08-31,29,eBay,AUCTION,ok,0,https://www.ebay.com/itm/286778155387
888370f1-a311-4be9-afa9-140082da72e5,2025-07-20,24,PWCC Weekly Auctions,AUCTION,ok,0,https://www.fanaticscollect.com/weekly/13c5eaaa-4ccb-11f0-b24c-0a58a9feac02
888370f1-a311-4be9-afa9-140082da72e5,2025-07-13,33.6,PWCC Weekly Auctions,AUCTION,ok,0,https://www.fanaticscollect.com/weekly/cd6e5e70-4cca-11f0-a7aa-0a58a9feac02
888370f1-a311-4be9-afa9-140082da72e5,2025-07-06,36,PWCC Weekly Auctions,AUCTION,ok,0,https://www.fanaticscollect.com/weekly/5566f568-4cca-11f0-a69a-0a58a9feac02
888370f1-a311-4be9-afa9-140082da72e5,2025-06-29,33.6,PWCC Weekly Auctions,AUCTION,ok,0,https://www.fanaticscollect.com/weekly/5159c672-4cc9-11f0-9387-060620e7ff23
888370f1-a311-4be9-afa9-140082da72e5,2024-11-05,11.08,eBay,AUCTION,ok,0,https://www.ebay.com/itm/PSA-9-Combusken-009-ADV-P-Shogakukan-Elementary-Promo-Japanese-Pokemon-Card-MINT-/226423753355
888370f1-a311-4be9-afa9-140082da72e5,2023-06-11,27,eBay,AUCTION,ok,0,https://www.ebay.com/itm/Combusken-Glossy-009-ADV-P-PSA-9-2003-Pokemon-Japanese-Shogakukan-Elementary-/185923456731
88937ad8-17c3-4771-9deb-6972ebdc15bf,2026-09-18,125,eBay,BEST_OFFER,ok,0,https://www.ebay.com/itm/167850571022
88937ad8-17c3-4771-9deb-6972ebdc15bf,2026-07-31,125,eBay,BEST_OFFER,ok,0,https://www.ebay.com/itm/167850571022
88937ad8-17c3-4771-9deb-6972ebdc15bf,2025-10-17,26.99,eBay,BUY_IT_NOW,ok,0,https://www.ebay.com/itm/277262573688
88937ad8-17c3-4771-9deb-6972ebdc15bf,2024-04-15,7.5,eBay,AUCTION,ok,0,https://www.ebay.com/itm/2013-Pokemon-B-W-Plasma-Blast-46-Golurk-Holo-PSA-9-MINT-/364832443915
88937ad8-17c3-4771-9deb-6972ebdc15bf,2023-06-19,59.99,eBay,BUY_IT_NOW,ok,0,https://www.ebay.com/itm/PSA-9-MINT-Golurk-46-101-HOLO-RARE-BW-Plasma-Blast-Pokemon-Card-509-/275662743885
8885f2be-2e8c-47dd-96e0-1b0aa57180e1,2026-09-20,312,eBay,AUCTION,ok,0,https://www.ebay.com/itm/117407900161
8885f2be-2e8c-47dd-96e0-1b0aa57180e1,2026-09-10,203.7,eBay,BEST_OFFER,ok,0,https://www.ebay.com/itm/366644762119
8885f2be-2e8c-47dd-96e0-1b0aa57180e1,2026-08-23,89,eBay,AUCTION,ok,0,https://www.ebay.com/itm/117352885630
8885f2be-2e8c-47dd-96e0-1b0aa57180e1,2026-03-16,160.5,eBay,AUCTION,ok,0,https://www.ebay.com/itm/377026049794
8885f2be-2e8c-47dd-96e0-1b0aa57180e1,2024-09-30,26,eBay,AUCTION,ok,0,https://www.ebay.com/itm/2008-Pokemon-Japanese-Bonds-End-Time-1st-Ed-070-Snorlax-PSA-9-MINT-/365136903815
8885f2be-2e8c-47dd-96e0-1b0aa57180e1,2023-11-12,20.4,PWCC Weekly Auctions,AUCTION,ok,0,https://www.fanaticscollect.com/weekly/75fa5b36-6157-11ee-a11d-0a58a9feac02
8885f2be-2e8c-47dd-96e0-1b0aa57180e1,2023-09-24,29.07,eBay,AUCTION,ok,0,https://www.ebay.com/itm/PSA-9-MINT-Snorlax-070-090-Bonds-End-Time-Pt2-Japanese-Pokemon-Card-/115917784915
8885f2be-2e8c-47dd-96e0-1b0aa57180e1,2023-08-27,30,eBay,BEST_OFFER,ok,0,https://www.ebay.com/itm/Pokemon-Snorlax-Bonds-End-Time-Pt2-Japanese-070-Vintage-PSA-9-Mint-/374850153812
8885f2be-2e8c-47dd-96e0-1b0aa57180e1,2023-07-23,14.5,eBay,AUCTION,ok,0,https://www.ebay.com/itm/Pokemon-Snorlax-Bonds-End-Time-Pt2-Unlimited-Japanese-070-PSA-9-Mint-/285378547050
88639ae7-b9ea-41e7-9195-29a0ab6b8484,2026-08-09,74.99,eBay,BUY_IT_NOW,ok,0,https://www.ebay.com/itm/358507688995
88639ae7-b9ea-41e7-9195-29a0ab6b8484,2025-05-05,21.5,eBay,AUCTION,ok,0,https://www.ebay.com/itm/376199637529
88639ae7-b9ea-41e7-9195-29a0ab6b8484,2023-08-20,15.5,eBay,AUCTION,ok,0,https://www.ebay.com/itm/PSA-9-Wigglytuff-Holo-1st-Edition-Japanese-Miracle-Crystal-052-075-Pokemon-/325773642832
88b14a90-f39a-4d32-b61e-75c0f31f7684,2026-04-26,9.99,eBay,BUY_IT_NOW,ok,0,https://www.ebay.com/itm/157790669815
88b14a90-f39a-4d32-b61e-75c0f31f7684,2025-02-17,9,eBay,BUY_IT_NOW,ok,0,https://www.ebay.com/itm/POKEMON-SCARLETT-VIOLET-SV2A-151-NINETALES-EX-038-165-Double-Rare-PSA-9-MINT-/365382855721
88b14a90-f39a-4d32-b61e-75c0f31f7684,2024-12-23,7,eBay,AUCTION,ok,0,https://www.ebay.com/itm/PSA-POKEMON-JAPANESE-SV2A-151-038-NINETALES-EX-/205166853744
88b14a90-f39a-4d32-b61e-75c0f31f7684,2024-12-01,18.99,eBay,BUY_IT_NOW,ok,0,https://www.ebay.com/itm/PSA-9-MINT-JAPANESE-POKEMON-2023-NINETALES-EX-038-165-Sv2a-/386757397724
88b14a90-f39a-4d32-b61e-75c0f31f7684,2024-11-26,7.6,eBay,BUY_IT_NOW,ok,0,https://www.ebay.com/itm/2023-Pokemon-Japanese-sv2a-151-Ninetales-ex-RR-038-165-PSA-9-/315958825079
88b14a90-f39a-4d32-b61e-75c0f31f7684,2024-06-13,8,eBay,AUCTION,ok,0,https://www.ebay.com/itm/PSA-9-Ninetales-ex-038-165-151-sv2a-Japanese-Pokemon-Card-/176412960516
88b14a90-f39a-4d32-b61e-75c0f31f7684,2024-06-03,7.5,eBay,AUCTION,ok,0,https://www.ebay.com/itm/2023-Pokemon-SV2a-JP-Ninetales-EX-038-PSA-9-Mint-/156229148971
88b14a90-f39a-4d32-b61e-75c0f31f7684,2024-03-31,12.28,eBay,AUCTION,ok,0,https://www.ebay.com/itm/PSA-9-Ninetales-ex-038-165-151-sv2a-Japanese-Pokemon-Card-/285776629906
88b14a90-f39a-4d32-b61e-75c0f31f7684,2024-01-24,11.5,eBay,AUCTION,ok,0,https://www.ebay.com/itm/2023-Pokemon-SV2a-JP-Ninetales-Ex-038-165-PSA-9-/266622982190
88b14a90-f39a-4d32-b61e-75c0f31f7684,2024-01-21,9.6,PWCC Weekly Auctions,AUCTION,ok,0,https://www.fanaticscollect.com/weekly/ff58e9f0-b0c7-11ee-b940-0a58a9feac02
882cc2b8-21de-42d3-b256-440bc50f8623,2026-04-17,4.25,eBay,AUCTION,ok,0,https://www.ebay.com/itm/318132947821
882cc2b8-21de-42d3-b256-440bc50f8623,2026-01-24,8.5,eBay,AUCTION,ok,0,https://www.ebay.com/itm/116985132067
882cc2b8-21de-42d3-b256-440bc50f8623,2024-04-07,11.36,eBay,AUCTION,ok,0,https://www.ebay.com/itm/POKEMON-VSTAR-UNIVERSE-RAIKOU-V-038-PSA-9-JAP-/256463806596
882cc2b8-21de-42d3-b256-440bc50f8623,2024-03-07,25.63,eBay,AUCTION,ok,0,https://www.ebay.com/itm/POKEMON-RAIKOU-V-038-172-VSTAR-UNIVERSE-JAP-PSA-9-/226024495728
882cc2b8-21de-42d3-b256-440bc50f8623,2024-02-16,6,Alt,BEST_OFFER,ok,0,https://alt.xyz/exchange/select-listing?ids=985f645c-7c65-4e82-ab76-f958858269f8
882cc2b8-21de-42d3-b256-440bc50f8623,2024-01-23,6.5,eBay,AUCTION,ok,0,https://www.ebay.com/itm/PSA-9-2022-Pokemon-TCG-VSTAR-Universe-038-Raikou-V-Double-Rare-Japanese-/186256170385
882cc2b8-21de-42d3-b256-440bc50f8623,2024-01-07,12,PWCC Weekly Auctions,AUCTION,ok,0,https://www.fanaticscollect.com/weekly/8c0e1216-9ffd-11ee-b281-0644b9da92ed
882cc2b8-21de-42d3-b256-440bc50f8623,2023-09-29,1.25,eBay,AUCTION,ok,0,https://www.ebay.com/itm/2022-Pokemon-Japanese-SWSH-Raikou-V-VSTAR-Universe-PSA-9-38-/404516897546
88959e37-fde3-4558-99fd-e13dff396359,2023-11-23,58,eBay,AUCTION,ok,0,https://www.ebay.com/itm/2000-P-M-Italian-Fossil-Raichu-Holo-PSA-9-/256304427850
88959e37-fde3-4558-99fd-e13dff396359,2023-11-09,57,eBay,AUCTION,RELISTED,0,https://www.ebay.com/itm/2000-P-M-Italian-Fossil-Raichu-Holo-PSA-9-/256275906047
88618107-8bfc-42eb-b75c-f71620a78047,2026-07-28,125,eBay,BEST_OFFER,ok,0,https://www.ebay.com/itm/117326449764
88618107-8bfc-42eb-b75c-f71620a78047,2026-07-24,154.48,eBay,BEST_OFFER,ok,0,https://www.ebay.com/itm/117297384025
88618107-8bfc-42eb-b75c-f71620a78047,2026-07-08,219.95,eBay,BUY_IT_NOW,ok,0,https://www.ebay.com/itm/117282960623
88618107-8bfc-42eb-b75c-f71620a78047,2026-05-14,171.5,eBay,AUCTION,ok,0,https://www.ebay.com/itm/306922308051
88618107-8bfc-42eb-b75c-f71620a78047,2023-12-24,24.11,eBay,BUY_IT_NOW,ok,0,https://www.ebay.com/itm/Munchlax-PSA-9-Mewtwo-LV-X-Collection-Deck-011-012-Japanese-Pokemon-Card-/225927953070
88fd3dfc-bcd2-4aa7-996b-220fa8804add,2025-07-11,13.5,eBay,AUCTION,ok,0,https://www.ebay.com/itm/326671000799
88fd3dfc-bcd2-4aa7-996b-220fa8804add,2025-04-13,14,eBay,AUCTION,ok,0,https://www.ebay.com/itm/306221414067
88fd3dfc-bcd2-4aa7-996b-220fa8804add,2025-01-08,13.35,eBay,BEST_OFFER,ok,0,https://www.ebay.com/itm/PSA-9-2023-POKEMON-JAPANESE-SV4a-SHINY-TREASURE-ex-219-SLOWPOKE-S-/176311994419
88fd3dfc-bcd2-4aa7-996b-220fa8804add,2024-11-07,9.2,eBay,AUCTION,ok,0,https://www.ebay.com/itm/2023-POKEMON-JPN-SV4A-SHINY-TREASURE-EX-S-219-SLOWPOKE-PSA-9-/305871383763
88fd3dfc-bcd2-4aa7-996b-220fa8804add,2024-11-05,7,eBay,AUCTION,ok,0,https://www.ebay.com/itm/2023-POKEMON-JPN-SV4A-SHINY-TREASURE-EX-S-219-SLOWPOKE-PSA-9-/305866974844
88fd3dfc-bcd2-4aa7-996b-220fa8804add,2024-10-26,8,eBay,AUCTION,ok,0,https://www.ebay.com/itm/2023-POKEMON-JAPANESE-SV4A-SHINY-TREASURE-EX-S-219-SLOWPOKE-PSA-9-/305841951693
88fd3dfc-bcd2-4aa7-996b-220fa8804add,2024-07-12,8.5,eBay,AUCTION,ok,0,https://www.ebay.com/itm/2023-POKEMON-JAPANESE-SV4a-SHINY-TREASURE-ex-S-219-SLOWPOKE-PSA-9-/305650690425
888aa315-95d4-44d9-83d6-a12949afa3cd,2024-09-29,18,PWCC Weekly Auctions,AUCTION,ok,0,https://www.fanaticscollect.com/weekly/85033576-7998-11ef-912f-0a1a7c74f21d
884d84f1-f363-402b-804a-caaf6334e3a7,2026-08-13,25.5,eBay,BEST_OFFER,ok,0,https://www.ebay.com/itm/336712559440
884d84f1-f363-402b-804a-caaf6334e3a7,2026-05-17,25,eBay,BUY_IT_NOW,ok,0,https://www.ebay.com/itm/358521462263
884d84f1-f363-402b-804a-caaf6334e3a7,2026-02-28,14.5,eBay,AUCTION,ok,0,https://www.ebay.com/itm/117041592773
884d84f1-f363-402b-804a-caaf6334e3a7,2025-12-17,32,eBay,AUCTION,ok,0,https://www.ebay.com/itm/297831877263
884d84f1-f363-402b-804a-caaf6334e3a7,2024-12-08,24.99,eBay,BUY_IT_NOW,ok,0,https://www.ebay.com/itm/Pokemon-TCG-Arceus-VSTAR-SWSH307-Sword-Shield-Promo-PSA-9-/296817716916
884d84f1-f363-402b-804a-caaf6334e3a7,2024-11-15,10.5,eBay,AUCTION,ok,0,https://www.ebay.com/itm/2023-POKEMON-SWSH-BLACK-STAR-PROMO-TRAINERS-TOOLKIT-307-ARCEUS-VSTAR-PSA-9-/305887360551
8862ecb9-aaca-4cfe-a525-56fa127be169,2026-04-15,26.95,eBay,AUCTION,ok,0,https://www.ebay.com/itm/298206457798
8862ecb9-aaca-4cfe-a525-56fa127be169,2026-04-04,23,PWCC Fixed Price,BEST_OFFER,ok,0,https://www.fanaticscollect.com/buy-now/709ae7ce-432a-45c9-86f3-a5b140d669f1
8862ecb9-aaca-4cfe-a525-56fa127be169,2026-03-18,20,eBay,BUY_IT_NOW,ok,0,https://www.ebay.com/itm/187458703543
8862ecb9-aaca-4cfe-a525-56fa127be169,2026-03-18,9,eBay,BEST_OFFER,ok,0,https://www.ebay.com/itm/366283654382
8862ecb9-aaca-4cfe-a525-56fa127be169,2025-08-15,8,eBay,BEST_OFFER,ok,0,https://www.ebay.com/itm/146772262341
8862ecb9-aaca-4cfe-a525-56fa127be169,2025-07-27,5.5,eBay,AUCTION,RELISTED,0,https://www.ebay.com/itm/277288744431
8862ecb9-aaca-4cfe-a525-56fa127be169,2025-06-12,26.67,eBay,BUY_IT_NOW,ok,0,https://www.ebay.com/itm/156625309435
8862ecb9-aaca-4cfe-a525-56fa127be169,2025-06-02,10,eBay,AUCTION,ok,0,https://www.ebay.com/itm/376287526635
8862ecb9-aaca-4cfe-a525-56fa127be169,2025-04-15,11.06,eBay,AUCTION,ok,0,https://www.ebay.com/itm/306228902933
8862ecb9-aaca-4cfe-a525-56fa127be169,2025-03-29,10.5,eBay,AUCTION,ok,0,https://www.ebay.com/itm/267193127709
8802f028-e0d5-40aa-8e75-fa694b0c45a5,2026-09-18,29.99,eBay,BUY_IT_NOW,ok,0,https://www.ebay.com/itm/188781960504
8802f028-e0d5-40aa-8e75-fa694b0c45a5,2025-10-26,22.8,PWCC Weekly Auctions,AUCTION,ok,0,https://www.fanaticscollect.com/weekly/adca6e9a-a55a-11f0-adec-0a58a9feac02
8802f028-e0d5-40aa-8e75-fa694b0c45a5,2025-09-01,12.5,eBay,AUCTION,ok,0,https://www.ebay.com/itm/376506948322
8802f028-e0d5-40aa-8e75-fa694b0c45a5,2025-08-15,18.5,eBay,AUCTION,ok,0,https://www.ebay.com/itm/306434166475
8802f028-e0d5-40aa-8e75-fa694b0c45a5,2025-07-02,14.5,eBay,AUCTION,ok,0,https://www.ebay.com/itm/388632178261
8802f028-e0d5-40aa-8e75-fa694b0c45a5,2025-05-02,26,eBay,AUCTION,ok,0,https://www.ebay.com/itm/306268115493
8802f028-e0d5-40aa-8e75-fa694b0c45a5,2025-04-24,28.88,eBay,AUCTION,ok,0,https://www.ebay.com/itm/306252695879
883bac68-4ec3-4b5b-85a3-4b4ab3945627,2026-07-19,70.99,eBay,AUCTION,ok,0,https://www.ebay.com/itm/117296557571
883bac68-4ec3-4b5b-85a3-4b4ab3945627,2026-04-08,100,eBay,BEST_OFFER,ok,0,https://www.ebay.com/itm/298158330671
883bac68-4ec3-4b5b-85a3-4b4ab3945627,2026-01-01,15,eBay,AUCTION,ok,0,https://www.ebay.com/itm/147061125129
883bac68-4ec3-4b5b-85a3-4b4ab3945627,2025-06-01,25.2,PWCC Weekly Auctions,AUCTION,ok,0,https://www.fanaticscollect.com/weekly/6f864986-31bc-11f0-bef2-02b7391b90bd
883c0aa7-833d-419a-a8b0-eace887d1152,2025-09-07,14.99,eBay,BUY_IT_NOW,ok,0,https://www.ebay.com/itm/396650597307
88bbddf4-a0d7-4ff7-bc42-db5e67a6c3ed,2026-09-22,42.99,eBay,BUY_IT_NOW,ok,0,https://www.ebay.com/itm/358664841941
88bbddf4-a0d7-4ff7-bc42-db5e67a6c3ed,2026-09-22,35,eBay,BUY_IT_NOW,ok,0,https://www.ebay.com/itm/376690270011
88bbddf4-a0d7-4ff7-bc42-db5e67a6c3ed,2026-09-17,19.99,eBay,BUY_IT_NOW,ok,0,https://www.ebay.com/itm/298618040837
88bbddf4-a0d7-4ff7-bc42-db5e67a6c3ed,2026-08-23,22,eBay,BEST_OFFER,ok,0,https://www.ebay.com/itm/398297243677
88bbddf4-a0d7-4ff7-bc42-db5e67a6c3ed,2026-08-08,28,eBay,BEST_OFFER,ok,0,https://www.ebay.com/itm/398250052170
88bbddf4-a0d7-4ff7-bc42-db5e67a6c3ed,2026-08-06,24,eBay,BEST_OFFER,ok,0,https://www.ebay.com/itm/267746368482
88bbddf4-a0d7-4ff7-bc42-db5e67a6c3ed,2026-08-03,25,eBay,BEST_OFFER,ok,0,https://www.ebay.com/itm/398242642932
88bbddf4-a0d7-4ff7-bc42-db5e67a6c3ed,2026-07-31,24.99,eBay,BEST_OFFER,ok,0,https://www.ebay.com/itm/358471784086
88bbddf4-a0d7-4ff7-bc42-db5e67a6c3ed,2026-07-29,27,eBay,BEST_OFFER,ok,0,https://www.ebay.com/itm/136752748216
88bbddf4-a0d7-4ff7-bc42-db5e67a6c3ed,2026-07-27,33,eBay,BEST_OFFER,ok,0,https://www.ebay.com/itm/800167527814
88e0920b-58ca-41d8-aaf5-c3e86d247784,2025-12-14,198,PWCC Weekly Auctions,AUCTION,ok,0,https://www.fanaticscollect.com/weekly/37a3b3f0-cc8f-11f0-b14b-0a58a9feac02
88557299-6841-4fa5-966d-87eb4f894053,2026-09-29,39,eBay,BUY_IT_NOW,ok,0,https://www.ebay.com/itm/307148516792
88557299-6841-4fa5-966d-87eb4f894053,2026-09-16,13.32,eBay,AUCTION,ok,0,https://www.ebay.com/itm/307169667549
88557299-6841-4fa5-966d-87eb4f894053,2026-09-13,15,eBay,BEST_OFFER,ok,0,https://www.ebay.com/itm/407207657023
88557299-6841-4fa5-966d-87eb4f894053,2026-09-01,10,eBay,AUCTION,ok,0,https://www.ebay.com/itm/227494545421
88557299-6841-4fa5-966d-87eb4f894053,2026-08-31,23,PWCC Fixed Price,BEST_OFFER,ok,0,https://www.fanaticscollect.com/buy-now/a678a760-5483-41b9-9874-b3b10c0dde5d
88557299-6841-4fa5-966d-87eb4f894053,2026-08-20,11.61,eBay,AUCTION,ok,0,https://www.ebay.com/itm/800515206929
88557299-6841-4fa5-966d-87eb4f894053,2026-08-17,12.5,eBay,AUCTION,ok,0,https://www.ebay.com/itm/800499406078
88557299-6841-4fa5-966d-87eb4f894053,2026-08-15,11.5,eBay,BEST_OFFER,ok,0,https://www.ebay.com/itm/318733066951
88557299-6841-4fa5-966d-87eb4f894053,2026-08-08,20,eBay,BEST_OFFER,ok,0,https://www.ebay.com/itm/257647137416
88557299-6841-4fa5-966d-87eb4f894053,2026-07-06,20,eBay,AUCTION,ok,0,https://www.ebay.com/itm/117272904808
8823ebaa-5b03-4dc6-9def-2bc737d82651,2026-08-10,50,eBay,BEST_OFFER,ok,0,https://www.ebay.com/itm/117346509928
8823ebaa-5b03-4dc6-9def-2bc737d82651,2026-04-25,39.99,eBay,BUY_IT_NOW,ok,0,https://www.ebay.com/itm/236112854870
8823ebaa-5b03-4dc6-9def-2bc737d82651,2026-01-30,25,eBay,BEST_OFFER,ok,0,https://www.ebay.com/itm/376822756824
8877a95f-1d73-4928-aaf2-63c3628842f6,2026-02-08,25.4,eBay,AUCTION,ok,0,https://www.ebay.com/itm/287103415980
88123e8b-bfa6-42dd-8b94-f44683922f8e,2026-09-12,12.5,eBay,AUCTION,ok,0,https://www.ebay.com/itm/307162920702
88123e8b-bfa6-42dd-8b94-f44683922f8e,2026-03-16,25,eBay,BUY_IT_NOW,ok,0,https://www.ebay.com/itm/187670739090
88b0198e-dba1-44e1-b551-58c3b845a370,2026-09-08,44.99,eBay,BUY_IT_NOW,ok,0,https://www.ebay.com/itm/366567879619
88b0198e-dba1-44e1-b551-58c3b845a370,2026-09-08,17.16,eBay,AUCTION,ok,0,https://www.ebay.com/itm/307155839112
88b0198e-dba1-44e1-b551-58c3b845a370,2026-09-02,21.5,eBay,AUCTION,ok,0,https://www.ebay.com/itm/117377550688
88b0198e-dba1-44e1-b551-58c3b845a370,2026-08-23,24.5,eBay,AUCTION,ok,0,https://www.ebay.com/itm/307123387846
88b0198e-dba1-44e1-b551-58c3b845a370,2026-08-23,20,eBay,AUCTION,ok,0,https://www.ebay.com/itm/117355404838
88b0198e-dba1-44e1-b551-58c3b845a370,2026-08-20,17.5,eBay,AUCTION,ok,0,https://www.ebay.com/itm/307123387849
88b0198e-dba1-44e1-b551-58c3b845a370,2026-08-06,29.99,eBay,BUY_IT_NOW,ok,0,https://www.ebay.com/itm/178372222064
88b0198e-dba1-44e1-b551-58c3b845a370,2026-06-10,30,PWCC Fixed Price,BEST_OFFER,ok,0,https://www.fanaticscollect.com/buy-now/81de4433-e4c9-4145-9386-665dadadc117
88616efb-944d-4cb6-a718-9159ee84ac31,2026-06-16,38.7,eBay,BEST_OFFER,ok,0,https://www.ebay.com/itm/326202329998
88101687-0af8-4455-8918-88ec7e2dea9b,2026-10-04,20.5,eBay,AUCTION,ok,0,https://www.ebay.com/itm/307188832157
88101687-0af8-4455-8918-88ec7e2dea9b,2026-09-13,16.5,eBay,AUCTION,ok,0,https://www.ebay.com/itm/298641955678
